0.000000000000000000e+00 0.000000000000000000e+00 0.000000000000000000e+00 0.000000000000000000e+00 3.991049093235501249e-02 -1.003408157334106932e-01 5.315676377276258302e-01 8.401039935223280075e-01
1.000000000000000000e+00 2.899999999999636202e-02 -6.500000000000483169e-02 -6.099999999997862687e-02 4.294747367720017084e-02 -1.003930434091237223e-01 5.194713453556933924e-01 8.474823140892947526e-01
2.000000000000000000e+00 -1.259999999999976694e-01 -5.700000000000002842e-01 2.799999999999727152e-01 4.329770223938946005e-02 -1.029808753989732151e-01 5.119402044555722009e-01 8.517261739226036354e-01
3.000000000000000000e+00 -5.999999999999516831e-02 -2.500000000000000000e-01 2.059999999999604370e-01 4.018598686486184179e-02 -1.062207683907278877e-01 5.260409595642188130e-01 8.428423006013262553e-01
4.000000000000000000e+00 -1.610000000000013642e-01 -5.220000000000126761e-01 4.979999999999904503e-01 3.716809765021358847e-02 -1.092905522654048361e-01 5.308818499152122561e-01 8.395466450014490434e-01
5.000000000000000000e+00 -3.130000000000023874e-01 -6.380000000000052296e-01 9.169999999999731699e-01 3.707664444812782539e-02 -1.107884568164144434e-01 5.285719838793766501e-01 8.408108575241666216e-01
6.000000000000000000e+00 -4.459999999999979536e-01 -5.660000000000096065e-01 1.246999999999957254e+00 3.794916797118002422e-02 -1.106767629837740602e-01 5.267152202643681225e-01 8.419510624303451207e-01
7.000000000000000000e+00 -9.919999999999973284e-01 -1.052000000000006708e+00 2.682999999999992724e+00 6.801751399095806727e-02 -8.728272286150468018e-02 4.211845903780629952e-01 9.001993584248073610e-01
8.000000000000000000e+00 -6.639999999999943725e-01 5.799999999999982947e-01 2.798000000000001819e+00 4.846927383242223553e-02 -9.588288226886598764e-02 5.282542753615995235e-01 8.422616119378609767e-01
9.000000000000000000e+00 -2.509999999999976694e-01 1.184999999999995168e+00 3.485999999999989996e+00 3.549037163655461430e-02 -9.596038225480972572e-02 5.829936523941354753e-01 8.060089576591291660e-01
1.000000000000000000e+01 7.200000000000059686e-01 -4.300000000000636646e-02 3.936999999999954980e+00 5.994570944286561204e-02 -8.023096307387977966e-02 4.445120306702947666e-01 8.901564801050432241e-01
1.100000000000000000e+01 7.000000000000028422e-01 6.689999999999969305e-01 3.591999999999984539e+00 5.259908895494372350e-02 -8.459852653836102965e-02 4.761366042735410975e-01 8.737106839334800590e-01
1.200000000000000000e+01 -4.289999999999949409e-01 1.081999999999993634e+00 5.557999999999992724e+00 6.361638557758717005e-02 -7.205666912142841274e-02 4.652196236582097355e-01 8.799610750962126859e-01
1.300000000000000000e+01 7.239999999999966462e-01 2.887999999999991019e+00 5.155999999999949068e+00 3.143464520309047910e-02 -8.923020822300833932e-02 5.993183274127468207e-01 7.949008588802894959e-01
1.400000000000000000e+01 7.000000000000028422e-01 2.414999999999999147e+00 5.996999999999957254e+00 3.514996193498013538e-02 -7.922889814023624522e-02 5.794948499982190970e-01 8.103536146035230647e-01
1.500000000000000000e+01 1.376000000000004775e+00 2.908999999999991815e+00 6.221999999999979991e+00 3.990273213542699926e-02 -7.332188541488107725e-02 5.610247700243183866e-01 8.235793103924454739e-01
1.600000000000000000e+01 6.340000000000003411e-01 2.296999999999997044e+00 7.199000000000012278e+00 6.136682468087865938e-02 -6.032429851877266908e-02 4.706876286365132556e-01 8.780935303743787612e-01
1.700000000000000000e+01 -1.639999999999943725e-01 2.474999999999994316e+00 7.475999999999999091e+00 4.439457877625625770e-02 -7.520620339611741589e-02 6.014341414188256740e-01 7.941348260099292400e-01
1.800000000000000000e+01 3.900000000000147793e-02 2.603999999999992099e+00 7.509999999999990905e+00 4.807285459998465044e-02 -7.067404214749174740e-02 5.594617502092174011e-01 8.244372204540395543e-01
1.900000000000000000e+01 2.860000000000084697e-01 2.525999999999989143e+00 8.223999999999989541e+00 4.730268061756185555e-02 -7.200208181421741127e-02 5.579040671274222429e-01 8.254218367013878010e-01
2.000000000000000000e+01 1.047000000000004150e+00 1.528999999999996362e+00 9.588999999999998636e+00 5.007134577557956212e-02 -6.636048261835257589e-02 5.016427861635218699e-01 8.610712292075382024e-01
2.100000000000000000e+01 7.400000000000019895e-01 6.599999999999965894e-01 1.077099999999995816e+01 4.664695845543107011e-02 -7.095445490970619939e-02 5.060537477428911357e-01 8.583117912452898901e-01
2.200000000000000000e+01 3.269999999999981810e-01 9.999999999999431566e-02 1.201400000000001000e+01 3.860264310614514721e-02 -7.601308856688976379e-02 5.511500728108733593e-01 8.300394228904496297e-01
2.300000000000000000e+01 -8.130000000000023874e-01 2.589999999999932356e-01 1.261799999999999500e+01 1.476146623185477930e-02 -9.010408958106723432e-02 6.207652490340583862e-01 7.786615810139450033e-01
2.400000000000000000e+01 -3.750000000000000000e-01 4.499999999999957367e-01 1.310399999999998499e+01 1.929179463589582658e-02 -8.836123547566129832e-02 5.795765388327140943e-01 8.098834202276476990e-01
2.500000000000000000e+01 2.490000000000023306e-01 2.489999999999952252e-01 1.294699999999994589e+01 3.216020144617174475e-02 -8.247918852838929948e-02 5.173893793045970524e-01 8.511587014684417474e-01
2.600000000000000000e+01 -6.669999999999944862e-01 6.499999999999772626e-02 1.303800000000001091e+01 2.659291685079881451e-02 -8.487014410875041992e-02 5.568843987879741331e-01 8.258145323248331504e-01
2.700000000000000000e+01 -5.469999999999970441e-01 1.889999999999929514e-01 1.287099999999998090e+01 2.825473047741373575e-02 -8.549308252272039277e-02 5.436953389327615627e-01 8.344387224171716522e-01
2.800000000000000000e+01 -4.649999999999963052e-01 9.999999999999431566e-02 1.262999999999999545e+01 3.045936494713994899e-02 -8.521945682223706908e-02 5.331867577859102925e-01 8.411431225348565688e-01
2.900000000000000000e+01 6.370000000000004547e-01 -8.890000000000100044e-01 1.082699999999994134e+01 2.687738019525840599e-02 -8.990543669726824838e-02 5.790061567721827007e-01 8.099052347688707743e-01
3.000000000000000000e+01 9.320000000000021600e-01 -3.775000000000005684e+00 1.102800000000002001e+01 4.532517452011742415e-02 -9.671732334419044785e-02 5.028354368196396029e-01 8.577574898526147962e-01
3.100000000000000000e+01 -1.146999999999998465e+00 -3.484999999999999432e+00 1.168699999999995498e+01 5.649215895281331501e-02 -8.858809348745412537e-02 4.907764991050324044e-01 8.649272880394723861e-01
3.200000000000000000e+01 -2.616999999999997328e+00 -3.501000000000004775e+00 1.059199999999998454e+01 2.026601868058396094e-02 -1.130487959187384955e-01 6.133372912524825971e-01 7.814260204185863312e-01
3.300000000000000000e+01 -2.323000000000000398e+00 -3.009000000000007446e+00 1.009699999999997999e+01 6.235196905074053171e-03 -1.119071839311204519e-01 6.106972870296715206e-01 7.838920385606428232e-01
3.400000000000000000e+01 -2.938000000000002387e+00 -2.920000000000001705e+00 1.036799999999999500e+01 1.772838122180471834e-02 -1.199525319210666963e-01 5.481106344973158961e-01 8.275698320600682889e-01
3.500000000000000000e+01 -2.626999999999995339e+00 -4.096000000000003638e+00 1.151999999999998181e+01 6.014203588652070748e-02 -9.965382921468388111e-02 4.138856511825868001e-01 9.028569751557780076e-01
3.600000000000000000e+01 -2.316000000000002501e+00 -2.840000000000003411e+00 1.128599999999994452e+01 5.108396692148035184e-02 -1.005488710196255492e-01 4.756246654748574887e-01 8.723884057300244077e-01
3.700000000000000000e+01 -2.659999999999996589e+00 -1.930000000000049454e-01 1.143599999999997863e+01 4.287627023482827593e-02 -9.397674426700036721e-02 5.424758465877742575e-01 8.336965592208009923e-01
3.800000000000000000e+01 1.389999999999957936e-01 -4.220000000000112550e-01 1.080799999999999272e+01 4.514819785014836245e-02 -8.614576459067201097e-02 5.184757723339683544e-01 8.495430659929297246e-01
3.900000000000000000e+01 -9.029999999999986926e-01 -7.070000000000078444e-01 1.238199999999994816e+01 5.800173498891116053e-02 -7.023818822316889310e-02 4.745631458015443505e-01 8.754954119242116528e-01
4.000000000000000000e+01 -3.391999999999995907e+00 -2.898000000000003240e+00 1.313999999999998636e+01 6.069122355842222066e-02 -6.567242923009866673e-02 4.796203776901716842e-01 8.729077847781725463e-01
4.100000000000000000e+01 -6.596999999999994202e+00 -4.691000000000009607e+00 1.288199999999994816e+01 6.636029041924060290e-02 -6.642281387466955622e-02 4.631901494461805324e-01 8.812713583842777254e-01
4.200000000000000000e+01 -5.816000000000002501e+00 -3.888000000000005230e+00 1.199099999999998545e+01 1.747159665648903570e-02 -7.919025684657805819e-02 6.758611924805626447e-01 7.325539536645734318e-01
4.300000000000000000e+01 -5.765000000000000568e+00 -3.886000000000009891e+00 1.399699999999995725e+01 3.078384174921926578e-02 -7.410795866882254057e-02 6.249584628450837176e-01 7.765225594066210713e-01
4.400000000000000000e+01 -5.178999999999994941e+00 -4.573000000000007503e+00 1.551999999999998181e+01 4.824664400119818564e-02 -6.236672773094399658e-02 5.291515108201675366e-01 8.448558049818265525e-01
4.500000000000000000e+01 -5.079999999999998295e+00 -4.344000000000008299e+00 1.468099999999998317e+01 4.847227635295935783e-02 -6.534751180086213751e-02 5.134759440951451870e-01 8.542380206723403369e-01
4.600000000000000000e+01 -5.414999999999999147e+00 -4.178000000000004377e+00 1.546300000000002228e+01 4.282894956873944947e-02 -7.276909247025536986e-02 6.098129903723212841e-01 7.880345531974222162e-01
4.700000000000000000e+01 -1.573000000000000398e+00 -9.670000000000129603e-01 1.450699999999994816e+01 4.379028942605001778e-02 -7.192067592083159489e-02 5.947633233305815725e-01 7.994788403377761643e-01
4.800000000000000000e+01 8.380000000000009663e-01 -2.290000000000063096e-01 1.372899999999998499e+01 2.867449081429982241e-02 -8.692434557400080530e-02 6.083062831038300589e-01 7.884068731685913711e-01
4.900000000000000000e+01 5.100000000000903810e-02 -1.758000000000002672e+00 1.471999999999997044e+01 6.050465021727256115e-02 -8.569713010781203344e-02 4.771466382468141920e-01 8.725401279042322988e-01
5.000000000000000000e+01 -3.719999999999927809e-01 -1.249000000000009436e+00 1.517899999999997362e+01 6.595086101135981538e-02 -8.582033719394090154e-02 4.643468925144182968e-01 8.790149697633037329e-01
5.100000000000000000e+01 1.039999999999992042e-01 1.559999999999917009e-01 1.534300000000001774e+01 4.915522651997773773e-02 -8.556451374862175663e-02 5.440119366640627785e-01 8.332547572379934708e-01
5.200000000000000000e+01 5.470000000000041496e-01 1.182999999999992724e+00 1.525199999999995271e+01 4.030812256423084439e-02 -8.168585173820150369e-02 5.725613513908897056e-01 8.147859693039575246e-01
5.300000000000000000e+01 6.760000000000090381e-01 1.011999999999993349e+00 1.586799999999999500e+01 5.284962719063672487e-02 -7.166545458200494767e-02 4.979736667171354991e-01 8.626083739343460843e-01
5.400000000000000000e+01 7.680000000000077875e-01 2.399999999999948841e-01 1.645699999999993679e+01 6.500104274742522781e-02 -6.874092044989600636e-02 4.193046664179539418e-01 9.029026232200108026e-01
5.500000000000000000e+01 7.620000000000004547e-01 7.229999999999918714e-01 1.615300000000002001e+01 5.460760096483602277e-02 -8.031420924509137527e-02 4.622505037935477068e-01 8.814148339192007242e-01
5.600000000000000000e+01 -8.530000000000015348e-01 9.559999999999888587e-01 1.663099999999997181e+01 4.467214696958650422e-02 -8.407116222436265829e-02 5.760540632298010166e-01 8.118486036225035507e-01
5.700000000000000000e+01 -6.439999999999912461e-01 7.919999999999944862e-01 1.681199999999995498e+01 4.621841410401882760e-02 -8.112043239526194049e-02 5.555531647512516047e-01 8.262227392057083231e-01
5.800000000000000000e+01 3.980000000000032401e-01 9.619999999999961915e-01 1.925400000000001910e+01 4.111386146101250749e-02 -7.433611365454512176e-02 5.478155523291081685e-01 8.322751427435864935e-01
5.900000000000000000e+01 -7.499999999999573674e-02 2.319999999999922125e-01 2.024799999999999045e+01 4.814772935323304720e-02 -6.775876187766205483e-02 5.065812472988161508e-01 8.581759646087215865e-01
6.000000000000000000e+01 -7.889999999999943725e-01 1.078999999999993520e+00 2.023399999999998045e+01 3.991937266254270283e-02 -7.778280293562002401e-02 5.688473113264592707e-01 8.177829881150413538e-01
6.100000000000000000e+01 -1.479999999999961346e-01 8.929999999999864713e-01 1.970800000000002683e+01 4.237039905873624113e-02 -7.314657080538855549e-02 5.429537392342717039e-01 8.354971965928660316e-01
6.200000000000000000e+01 -3.130000000000023874e-01 6.869999999999976126e-01 1.966099999999994452e+01 4.219565266747098836e-02 -7.148833731612774800e-02 5.404251310040211198e-01 8.372870608716154184e-01
6.300000000000000000e+01 -2.799999999999869260e-02 5.259999999999891429e-01 1.944300000000004047e+01 4.176330215842175009e-02 -6.977062792106349109e-02 5.323966404064097713e-01 8.425803839137799844e-01
6.400000000000000000e+01 -1.389999999999957936e-01 -4.270000000000067075e-01 2.180700000000001637e+01 6.304495508622089128e-02 -5.071620119427316248e-02 4.242375714750795113e-01 9.019288683280545227e-01
6.500000000000000000e+01 -1.409999999999982379e-01 -6.300000000000025580e-01 2.250000000000000000e+01 5.984154402341051310e-02 -5.282844149642918624e-02 4.936843048177858018e-01 8.659699489904555403e-01
6.600000000000000000e+01 4.620000000000032969e-01 1.195000000000000284e+00 2.322899999999998499e+01 3.403375082337255220e-02 -7.151966355767626349e-02 6.566715187163508771e-01 7.500061053326503302e-01
6.700000000000000000e+01 1.874000000000002331e+00 6.069999999999922125e-01 2.346499999999997499e+01 5.146534285011093030e-02 -4.756433996443181628e-02 5.239869343789329559e-01 8.488384090327417697e-01
6.800000000000000000e+01 2.533000000000001251e+00 1.206999999999993634e+00 2.468000000000000682e+01 6.207053327617748084e-02 -3.505047545109782337e-02 5.001605589197133384e-01 8.629937012345935132e-01
6.900000000000000000e+01 1.240000000000001990e+00 2.539999999999999147e+00 2.567799999999999727e+01 6.195016194263426590e-02 -7.802001669804979958e-03 4.172324780024331270e-01 9.066522847846217870e-01
7.000000000000000000e+01 -1.849999999999951683e-01 5.015000000000000568e+00 2.660699999999997090e+01 5.886521907583549401e-02 -3.265313631650161585e-03 5.067726054531914714e-01 8.600614804025493720e-01
7.100000000000000000e+01 1.634000000000000341e+00 6.407999999999987040e+00 2.668099999999998317e+01 5.162717758666821727e-02 7.594653194070683823e-03 5.690268564239701066e-01 8.206615577968489061e-01
7.200000000000000000e+01 2.733000000000004093e+00 7.125999999999990564e+00 2.730700000000001637e+01 5.058303591889931616e-02 2.761924781183644137e-02 5.609943596706985502e-01 8.258110328914227694e-01
7.300000000000000000e+01 2.421000000000006480e+00 6.189999999999997726e+00 2.819099999999997408e+01 4.094104610463818184e-02 5.056038683155170133e-02 4.457229440041387547e-01 8.928037495528259315e-01
7.400000000000000000e+01 8.980000000000032401e-01 7.887999999999991019e+00 2.893799999999998818e+01 5.580372720305213502e-02 4.050471753313827222e-02 5.660186535077592618e-01 8.215036188411291018e-01
7.500000000000000000e+01 2.430000000000021032e-01 8.992999999999994998e+00 3.069599999999996953e+01 5.945948131768934858e-02 3.381143237330472978e-02 6.098841839495858785e-01 7.895331780808482192e-01
7.600000000000000000e+01 1.300000000000522959e-02 9.875000000000000000e+00 3.138900000000001000e+01 4.385625949675951013e-02 3.273768378357805320e-02 6.281040301064801934e-01 7.762024220056500390e-01
7.700000000000000000e+01 1.210000000000093223e-01 1.136599999999998545e+01 3.300700000000000500e+01 3.729538789911181207e-02 3.149764272544228888e-02 5.540412453202245846e-01 8.310567074683952171e-01
7.800000000000000000e+01 -2.281999999999996476e+00 8.149999999999991473e+00 3.433699999999998909e+01 3.618301274658210914e-02 3.880619615319608195e-02 4.571165528901608432e-01 8.878228009025883605e-01
7.900000000000000000e+01 -1.513999999999995794e+00 8.959999999999993747e+00 3.488599999999996726e+01 4.181111925386356287e-02 3.520143564460046642e-02 5.329164151241909675e-01 8.444008430398912690e-01
8.000000000000000000e+01 -4.078999999999993520e+00 6.553999999999987836e+00 3.623899999999997590e+01 4.310721055034949512e-02 2.033099741684002426e-02 6.041401002718808089e-01 7.954515435814341062e-01
8.100000000000000000e+01 -3.803999999999994941e+00 6.363999999999990109e+00 3.616199999999997772e+01 4.837823396022081224e-02 1.852934875129586684e-02 6.053185500813286213e-01 7.942957022678526213e-01
8.200000000000000000e+01 -4.560999999999999943e+00 3.912999999999989598e+00 3.716299999999995407e+01 3.624751651393420815e-02 3.649372448871573971e-02 4.213251932802807853e-01 9.054498368915021578e-01
8.300000000000000000e+01 -5.031999999999996476e+00 4.011999999999993349e+00 3.707099999999996953e+01 3.927352642592561033e-02 2.897475373984506955e-02 4.697354581113056260e-01 8.814571192977848080e-01
8.400000000000000000e+01 -5.311999999999997613e+00 6.122999999999990450e+00 3.684399999999999409e+01 3.617006498557836375e-02 3.433300727001414865e-02 4.796908647300167639e-01 8.760192037308913715e-01
8.500000000000000000e+01 -4.373999999999995225e+00 6.240999999999985448e+00 3.696499999999997499e+01 3.904570051562607225e-02 2.021010201815993598e-02 5.650097575177256415e-01 8.239119849579932264e-01
8.600000000000000000e+01 -3.269999999999996021e+00 6.277999999999991587e+00 3.752799999999996317e+01 3.905886292146440453e-02 2.929666179534230058e-02 5.098970379894576244e-01 8.588487186254103456e-01
8.700000000000000000e+01 -1.174999999999997158e+00 6.768999999999991246e+00 3.721699999999998454e+01 4.779848069499186697e-02 4.489421937041634947e-02 4.979950264678985050e-01 8.646969225824783223e-01
8.800000000000000000e+01 3.770000000000024443e-01 5.571999999999995623e+00 3.649700000000001410e+01 3.985977102671535433e-02 6.576808143712749299e-02 3.866380690312344881e-01 9.190194566458185221e-01
8.900000000000000000e+01 1.300000000000025580e-01 6.501999999999995339e+00 3.571299999999996544e+01 7.425890665099098287e-02 4.617247096955278546e-02 5.996589737383496432e-01 7.954639105092289331e-01
9.000000000000000000e+01 -1.207999999999998408e+00 7.640999999999991132e+00 3.625299999999998590e+01 9.056533150869906790e-02 3.912748131032443150e-02 6.584834545333976275e-01 7.461008651923628499e-01
9.100000000000000000e+01 2.185000000000002274e+00 8.170000000000001705e+00 3.623699999999996635e+01 7.277523279857277261e-02 3.866719268298426937e-02 6.476785004208958085e-01 7.574438420065676691e-01
9.200000000000000000e+01 5.839999999999960778e-01 7.182000000000002160e+00 3.717199999999996862e+01 5.766348360452912963e-02 6.712313182635637476e-02 4.944520895007005201e-01 8.646886948612216850e-01
9.300000000000000000e+01 6.850000000000022737e-01 6.440999999999988290e+00 3.702599999999995362e+01 5.667064988537433290e-02 6.811224504605851993e-02 5.105893708539054332e-01 8.552471303005745318e-01
9.400000000000000000e+01 -1.344999999999998863e+00 4.817999999999990735e+00 3.856400000000002137e+01 6.824744796738699271e-02 4.943157511571104334e-02 5.845083729283576668e-01 8.069998557646479442e-01
9.500000000000000000e+01 4.100000000000036948e-01 5.257999999999988461e+00 3.868599999999997863e+01 6.654976290264628946e-02 4.637746090372032309e-02 5.978957043358695822e-01 7.974590816552532546e-01
9.600000000000000000e+01 1.286000000000008470e+00 4.671999999999997044e+00 3.884599999999994679e+01 3.834138555973730378e-02 6.853379095224114426e-02 4.385520846045767862e-01 8.952681870479114457e-01
9.700000000000000000e+01 2.930000000000063665e-01 1.487999999999992440e+00 3.944400000000001683e+01 3.395173830186743597e-02 6.406032787086637925e-02 4.001370629708056459e-01 9.135829927797780581e-01
9.800000000000000000e+01 -2.063000000000002387e+00 1.935999999999992838e+00 3.963200000000000500e+01 4.288405897449850540e-02 6.578925616714921543e-02 4.291724694004130369e-01 8.998020464344346214e-01
9.900000000000000000e+01 -3.207999999999998408e+00 4.271999999999998465e+00 3.906000000000000227e+01 4.916657164188310142e-02 5.905543825490237875e-02 5.116365664676486569e-01 8.557588020573906329e-01
1.000000000000000000e+02 -2.126999999999995339e+00 4.988999999999990109e+00 3.920199999999999818e+01 4.463636792444270612e-02 4.630660827814248731e-02 5.421534701460610783e-01 8.378143633865873241e-01
1.010000000000000000e+02 -1.588000000000000966e+00 5.435999999999992838e+00 3.886799999999999500e+01 3.097828495976687191e-02 6.025361225788473940e-02 4.660267600113895403e-01 8.821728328531290853e-01
1.020000000000000000e+02 -2.481999999999992212e+00 6.195000000000000284e+00 3.977400000000000091e+01 3.054535713542285910e-02 5.894655699529582904e-02 4.628896603249318398e-01 8.839261546872221320e-01
1.030000000000000000e+02 -3.847999999999998977e+00 7.027999999999991587e+00 3.968999999999999773e+01 5.102586499816451349e-02 5.163722261577573247e-02 5.900473936764428773e-01 8.040982723258113252e-01
1.040000000000000000e+02 -3.967999999999996419e+00 6.717999999999989313e+00 4.006799999999998363e+01 4.731425782462864160e-02 4.653485512478450215e-02 6.042229517822135243e-01 7.940469084409363942e-01
1.050000000000000000e+02 -5.376999999999995339e+00 5.092999999999989313e+00 4.151699999999999591e+01 3.569825584560085835e-02 4.302532065956733015e-02 5.377425756899172349e-01 8.412534568143521518e-01
1.060000000000000000e+02 -3.941999999999993065e+00 5.878999999999990678e+00 4.243099999999998317e+01 3.179976895555523819e-02 4.317856231349228441e-02 5.393444612312358055e-01 8.403760697390789680e-01
1.070000000000000000e+02 -6.811999999999997613e+00 4.353999999999992099e+00 4.401599999999996271e+01 4.096553987381203882e-02 5.174709455623816012e-02 5.135695937040204440e-01 8.555058942932667332e-01
1.080000000000000000e+02 -5.677999999999997272e+00 4.317999999999990735e+00 4.418999999999999773e+01 3.976967624605731721e-02 4.753069335640983800e-02 5.502553047613071291e-01 8.326934043346229108e-01
1.090000000000000000e+02 -6.316999999999993065e+00 4.636999999999993349e+00 4.476599999999996271e+01 5.042237337662388436e-02 3.900556760383935145e-02 6.076166721389304470e-01 7.916679415624849891e-01
1.100000000000000000e+02 -4.391999999999995907e+00 3.468999999999994088e+00 4.524900000000002365e+01 1.768772840611205349e-02 5.479948797150645257e-02 3.821698226410034649e-01 9.222962577417498364e-01
1.110000000000000000e+02 -5.373999999999995225e+00 4.703999999999993520e+00 4.498399999999998045e+01 2.702419720966700578e-02 6.223350978381135545e-02 4.480530011398045631e-01 8.914287359036479064e-01
1.120000000000000000e+02 -5.434999999999995168e+00 6.379999999999995453e+00 4.446699999999998454e+01 2.088730125348105260e-02 9.804555188256390552e-02 4.675181180750545562e-01 8.782810482265623886e-01
1.130000000000000000e+02 -4.121999999999992781e+00 7.665999999999996817e+00 4.421299999999996544e+01 2.943991957435714707e-02 1.204284247163446425e-01 4.981560147602410171e-01 8.581788103967550319e-01
1.140000000000000000e+02 -3.419999999999994600e+00 8.053999999999987836e+00 4.378799999999995407e+01 2.684743769362293864e-02 1.292771594655013623e-01 4.836519386891626748e-01 8.652441466615262700e-01
1.150000000000000000e+02 -3.201000000000000512e+00 7.509999999999990905e+00 4.381900000000001683e+01 3.368884382805734795e-02 1.294808278614695551e-01 5.027338553328704052e-01 8.540248519334702193e-01
1.160000000000000000e+02 -3.629999999999995453e+00 7.341999999999998749e+00 4.368500000000000227e+01 1.482679315505360321e-02 1.298531803659134232e-01 4.558998477254642689e-01 8.803826705458788204e-01
1.170000000000000000e+02 -5.265000000000000568e+00 7.287999999999996703e+00 4.342700000000002092e+01 4.917439787908825521e-02 1.257763933600586082e-01 5.638076977392352251e-01 8.147901922805330654e-01
1.180000000000000000e+02 -6.243000000000002103e+00 1.035899999999999466e+01 4.250999999999999091e+01 5.240793667520200760e-02 1.295253642565446783e-01 5.631851912351846234e-01 8.144317212394455163e-01
1.190000000000000000e+02 -2.121000000000002217e+00 1.238099999999998602e+01 4.203599999999994452e+01 -1.840415022655548030e-02 1.307193170929051851e-01 3.716733727565623147e-01 9.189301667574987231e-01
1.200000000000000000e+02 -2.121000000000002217e+00 1.238099999999998602e+01 4.203599999999994452e+01 -1.840415022655548030e-02 1.307193170929051851e-01 3.716733727565623147e-01 9.189301667574987231e-01
1.210000000000000000e+02 -4.853999999999992099e+00 1.157299999999999329e+01 4.188799999999997681e+01 7.626217398541904058e-02 1.637379687163229292e-01 6.069114570449304358e-01 7.739718610694251710e-01
1.220000000000000000e+02 -4.853999999999992099e+00 1.157299999999999329e+01 4.188799999999997681e+01 7.626217398541904058e-02 1.637379687163229292e-01 6.069114570449304358e-01 7.739718610694251710e-01
1.230000000000000000e+02 -4.853999999999992099e+00 1.157299999999999329e+01 4.188799999999997681e+01 7.626217398541904058e-02 1.637379687163229292e-01 6.069114570449304358e-01 7.739718610694251710e-01
1.240000000000000000e+02 -4.098999999999996646e+00 1.286299999999998533e+01 4.232299999999997908e+01 4.283297654708952129e-02 1.827027536864940793e-01 5.219118248374956526e-01 8.321016085853242261e-01
1.250000000000000000e+02 -2.493000000000002103e+00 1.074699999999999989e+01 4.369900000000001228e+01 7.160764786536906370e-04 1.796373487249793843e-01 4.283855487208986235e-01 8.855595585981959061e-01
1.260000000000000000e+02 -2.306999999999995055e+00 8.465000000000003411e+00 4.524500000000000455e+01 2.198749823131491629e-03 1.803142798614994768e-01 4.262121252676433492e-01 8.864677942554274326e-01
1.270000000000000000e+02 -1.328999999999993520e+00 7.795000000000001705e+00 4.574400000000002819e+01 4.094098306564569745e-02 1.841704492147775984e-01 5.016097177657317108e-01 8.442705565069934526e-01
1.280000000000000000e+02 -1.210999999999998522e+00 7.161999999999991928e+00 4.615699999999998226e+01 5.283393801606934420e-02 1.815470040815606867e-01 5.264463687048016594e-01 8.289170532569901662e-01
1.290000000000000000e+02 -1.725999999999999091e+00 7.974999999999994316e+00 4.568799999999998818e+01 3.450984360316737554e-02 1.801073839771874796e-01 4.760968651660588691e-01 8.600594025475394311e-01
1.300000000000000000e+02 -1.079999999999998295e+00 8.153999999999996362e+00 4.604300000000000637e+01 3.398439181018032829e-02 1.743011982093105594e-01 4.811155009271939065e-01 8.584823982957752175e-01
1.310000000000000000e+02 -2.542999999999999261e+00 7.250999999999990564e+00 4.679499999999995907e+01 6.795338008589031122e-03 1.731612658505705948e-01 4.295490219728821391e-01 8.862599150996943731e-01
1.320000000000000000e+02 -6.079999999999998295e+00 6.682000000000002160e+00 4.694400000000001683e+01 8.537384686673347989e-02 1.515200796213096168e-01 6.208585659745984309e-01 7.643870830925211246e-01
1.330000000000000000e+02 -5.234999999999999432e+00 7.548999999999992383e+00 4.764999999999997726e+01 6.037791157870199543e-02 1.620353363445093675e-01 5.578470051768384952e-01 8.117301130205460957e-01
1.340000000000000000e+02 -4.316000000000002501e+00 7.844999999999998863e+00 4.836599999999998545e+01 4.892631461130301368e-02 1.647726472639613193e-01 5.322671190525387619e-01 8.289438487784878129e-01
1.350000000000000000e+02 -2.811999999999997613e+00 7.782999999999987040e+00 4.909699999999997999e+01 2.283407671748082651e-02 1.659336174846881562e-01 4.733026832697158626e-01 8.648290059535425067e-01
1.360000000000000000e+02 -4.112999999999999545e+00 6.735999999999989996e+00 4.963499999999999091e+01 4.894969866248970181e-02 1.676442399633548963e-01 5.301251418884431743e-01 8.297389166151715179e-01
1.370000000000000000e+02 -4.383999999999993236e+00 6.677999999999983061e+00 4.978699999999997772e+01 4.718591046018299345e-02 1.696836596015069698e-01 5.198120845800945355e-01 8.359284312922847793e-01
1.380000000000000000e+02 -4.398999999999993804e+00 8.040999999999996817e+00 5.050599999999997181e+01 6.072709559461544199e-02 1.660661071053813054e-01 5.484302216782648287e-01 8.172873178273573069e-01
1.390000000000000000e+02 -3.131999999999997897e+00 8.270999999999986585e+00 5.081799999999998363e+01 1.682818064046399248e-02 1.720265226428278615e-01 4.429548469621271134e-01 8.797242132603302345e-01
1.400000000000000000e+02 -2.719999999999998863e+00 7.900999999999996248e+00 5.149200000000001864e+01 2.467927170219237978e-02 1.716444344478117445e-01 4.658761783979940563e-01 8.676914820790974092e-01
1.410000000000000000e+02 -2.731999999999992212e+00 7.084999999999993747e+00 5.248599999999999000e+01 3.013615381868346363e-02 1.756536538418658755e-01 4.715127640433081080e-01 8.636627347924988873e-01
1.420000000000000000e+02 -3.003999999999990678e+00 7.331999999999993634e+00 5.297799999999995180e+01 7.619224664808176006e-02 1.619043034406236481e-01 5.679301653291694008e-01 8.033909791547989565e-01
1.430000000000000000e+02 -2.195000000000000284e+00 7.767999999999986471e+00 5.307900000000000773e+01 5.010140130541584219e-02 1.698320994721821409e-01 4.978025492336934366e-01 8.490226908349038926e-01
1.440000000000000000e+02 -1.717999999999996419e+00 7.926999999999992497e+00 5.256499999999999773e+01 4.201757258417265772e-02 1.617678964373974460e-01 4.785202845192193521e-01 8.620232065205660765e-01
1.450000000000000000e+02 -4.639999999999915303e-01 1.281599999999998829e+01 5.039799999999996771e+01 1.229791180938322355e-02 1.771304192912852848e-01 4.350295876309557275e-01 8.827359932689177180e-01
1.460000000000000000e+02 -6.969999999999956231e-01 1.200900000000000034e+01 4.956700000000000728e+01 4.227529210169748281e-02 1.838108900157701397e-01 5.060821467895822989e-01 8.416098960267602846e-01
1.470000000000000000e+02 1.178000000000004377e+00 1.420099999999999341e+01 4.934799999999995634e+01 -5.029688279696287873e-03 1.776893506096061393e-01 3.930930797631423945e-01 9.021524414188952790e-01
1.480000000000000000e+02 -1.211999999999996191e+00 1.394899999999999807e+01 4.903099999999994907e+01 7.432490479754817747e-02 1.651567175364157813e-01 5.699956489814279603e-01 8.014387233729555193e-01
1.490000000000000000e+02 -1.291000000000003922e+00 1.538799999999999102e+01 4.971799999999996089e+01 5.205103180957332265e-02 1.652782948214127356e-01 5.185346839392013241e-01 8.373144910370042826e-01
1.500000000000000000e+02 -2.743000000000002103e+00 1.396500000000000341e+01 4.925099999999997635e+01 9.090586797898733695e-02 1.557196912879981188e-01 6.163943527488753293e-01 7.665151680243857957e-01
1.510000000000000000e+02 -2.701000000000000512e+00 1.290299999999999159e+01 5.032699999999999818e+01 5.330435600639110705e-02 1.776781796364640398e-01 5.239211712534788123e-01 8.313216684438096138e-01
1.520000000000000000e+02 -3.236000000000004206e+00 1.266299999999999670e+01 5.122499999999996589e+01 2.831343929425907818e-02 1.811778496219572099e-01 4.670073432373113009e-01 8.650301019757183907e-01
1.530000000000000000e+02 -1.288999999999994373e+00 1.401799999999998647e+01 5.218999999999999773e+01 1.344156459154006653e-02 1.680072601445770364e-01 4.379656819310586702e-01 8.830509307682692377e-01
1.540000000000000000e+02 -2.314999999999997726e+00 1.172299999999998477e+01 5.381299999999998818e+01 2.951189376763884418e-04 1.698374915218248959e-01 3.868082344576725951e-01 9.063854197493056430e-01
1.550000000000000000e+02 -2.310999999999999943e+00 1.085399999999999920e+01 5.480799999999999272e+01 4.366392035567120966e-02 1.662408613493854270e-01 4.928709806359128365e-01 8.529569945337113213e-01
1.560000000000000000e+02 -1.906999999999996476e+00 1.080299999999998306e+01 5.562299999999999045e+01 4.102830789406127637e-02 1.676296184186113758e-01 4.822776783559094560e-01 8.588511104608381741e-01
1.570000000000000000e+02 -1.691999999999993065e+00 1.129999999999999716e+01 5.586199999999996635e+01 4.211553521661259153e-02 1.685114517600783679e-01 4.851001661737388559e-01 8.570344223526497052e-01
1.580000000000000000e+02 -1.783000000000001251e+00 1.192000000000000171e+01 5.627699999999998681e+01 3.037652613039362390e-02 1.722578610574459768e-01 4.571262492880230344e-01 8.720321600583474941e-01
1.590000000000000000e+02 -1.233999999999994657e+00 1.302899999999999636e+01 5.727400000000000091e+01 1.842788869216402392e-02 1.756021288841883021e-01 4.381604340646779727e-01 8.813851253963519428e-01
1.600000000000000000e+02 -7.389999999999972147e-01 1.231699999999999307e+01 5.770799999999996999e+01 4.643349377283523607e-03 1.778027405999932364e-01 4.121403526866288525e-01 8.935910442864974934e-01
1.610000000000000000e+02 -1.673000000000001819e+00 1.240699999999999648e+01 5.785800000000000409e+01 3.379676281003381189e-02 1.797947869489947559e-01 4.782138126909067366e-01 8.589779757136699612e-01
1.620000000000000000e+02 -1.253000000000000114e+00 1.274399999999999977e+01 5.811900000000002819e+01 4.094092612500194184e-02 1.785224618755112680e-01 4.987949150487108185e-01 8.471465067480848932e-01
1.630000000000000000e+02 -2.889999999999943725e-01 1.335399999999999920e+01 5.898099999999999454e+01 3.369846252656149427e-02 1.764774584624573261e-01 4.837509011606277443e-01 8.565659261868044938e-01
1.640000000000000000e+02 3.200000000000358114e-02 1.284799999999998477e+01 6.009099999999995134e+01 -1.078989962469980093e-02 1.836774505703749893e-01 3.805378700156786254e-01 9.062765039997379146e-01
1.650000000000000000e+02 -7.999999999999971578e-01 1.283799999999999386e+01 6.080099999999998772e+01 5.480637465782062234e-02 1.795170911204031494e-01 5.243784284663954853e-01 8.305402693738870301e-01
1.660000000000000000e+02 -8.130000000000023874e-01 1.319699999999998852e+01 6.133999999999997499e+01 4.947954907173742617e-02 1.827746433134693760e-01 5.123548840108319569e-01 8.376381538680879313e-01
1.670000000000000000e+02 -1.839999999999903935e-01 1.398000000000000398e+01 6.174299999999999500e+01 6.772543153022009266e-02 1.733693257307670765e-01 5.586792596337145644e-01 8.082288213586725778e-01
1.680000000000000000e+02 2.310000000000087539e-01 1.419299999999998363e+01 6.198099999999999454e+01 2.173116282297401711e-02 1.833524103137114947e-01 4.485235298871206866e-01 8.744920201649132308e-01
1.690000000000000000e+02 1.900000000000048317e-01 1.392000000000000171e+01 6.191199999999997772e+01 3.511522319733655778e-02 1.814863439607494189e-01 4.833582954353232153e-01 8.556835783684414443e-01
1.700000000000000000e+02 -3.600000000000136424e-02 1.390299999999999159e+01 6.224200000000001864e+01 4.480777222511601876e-02 1.815100576513235531e-01 5.009078229499953627e-01 8.450666928870947947e-01
1.710000000000000000e+02 -2.689999999999912461e-01 1.386999999999999034e+01 6.227999999999997272e+01 4.475622642793447570e-02 1.860527061468914556e-01 5.031333003348883448e-01 8.427562831717559932e-01
1.720000000000000000e+02 1.219999999999998863e-01 1.526500000000000057e+01 6.284799999999995634e+01 3.517213410791597550e-02 1.870218682744564376e-01 4.791898790228315552e-01 8.568330068406040390e-01
1.730000000000000000e+02 1.120000000000004547e+00 1.494299999999998363e+01 6.338999999999998636e+01 -3.064396272215161483e-03 1.919924094563985884e-01 4.050840959953748710e-01 8.938883595607581833e-01
1.740000000000000000e+02 5.910000000000081855e-01 1.510999999999999943e+01 6.379899999999997817e+01 3.534203187467054030e-02 1.903240584330397889e-01 4.871131666026413121e-01 8.516152044714173641e-01
1.750000000000000000e+02 -2.239999999999966462e-01 1.457699999999999818e+01 6.376099999999996726e+01 3.681332101334360701e-02 1.969982598652879613e-01 4.855958432376297762e-01 8.509013703340430057e-01
1.760000000000000000e+02 2.600000000000335376e-02 1.536399999999999011e+01 6.352599999999995362e+01 6.374543160428323973e-02 1.865844485893961013e-01 5.444149998319265382e-01 8.153128672185776527e-01
1.770000000000000000e+02 3.080000000000069349e-01 1.502399999999998670e+01 6.376699999999999591e+01 2.820731684449723220e-02 1.969612955336472460e-01 4.703153153779132678e-01 8.597756099466391522e-01
1.780000000000000000e+02 9.439999999999955094e-01 1.555299999999998306e+01 6.425900000000001455e+01 1.876344748827276504e-02 2.045820981393640658e-01 4.458923446560623116e-01 8.711912046941071575e-01
1.790000000000000000e+02 3.399999999999891998e-02 1.534499999999999886e+01 6.453999999999996362e+01 4.586232884238367058e-02 2.116573994315732732e-01 4.939490965323789506e-01 8.420879301437962372e-01
1.800000000000000000e+02 5.330000000000012506e-01 1.537500000000000000e+01 6.456999999999999318e+01 5.279469190074152773e-02 2.236636613716836419e-01 5.083479637074932445e-01 8.299214630815155980e-01
1.810000000000000000e+02 4.510000000000076170e-01 1.575799999999999557e+01 6.480099999999998772e+01 5.636048699376002696e-02 2.289908624557154826e-01 5.094233944572187367e-01 8.275714383648693495e-01
1.820000000000000000e+02 3.119999999999976126e-01 1.596599999999999397e+01 6.446899999999999409e+01 4.706711473872611518e-02 2.348455509044426182e-01 4.874405596239082539e-01 8.396630007116494543e-01
1.830000000000000000e+02 5.050000000000025580e-01 1.620999999999999375e+01 6.319799999999997908e+01 3.761033070689125818e-02 2.293968360987118649e-01 4.760593000839378752e-01 8.481333016782268697e-01
1.840000000000000000e+02 -3.199999999999647571e-02 1.604299999999999216e+01 5.966099999999994452e+01 5.802608353098067523e-02 2.267550350836185502e-01 5.215901828044291477e-01 8.204625578881249437e-01
1.850000000000000000e+02 -3.049999999999997158e-01 1.570000000000000284e+01 5.790699999999998226e+01 6.994746632961329480e-02 2.188416021295985503e-01 5.440730591478718514e-01 8.069697710824702552e-01
1.860000000000000000e+02 -4.279999999999972715e-01 1.660799999999998988e+01 5.732900000000000773e+01 2.405705573089701732e-02 2.311034234719221148e-01 4.487630660444173469e-01 8.629160887847275863e-01
1.870000000000000000e+02 -1.009999999999998010e+00 1.658899999999999864e+01 5.708199999999999363e+01 2.645269868868143845e-02 2.323141470135898223e-01 4.484214143658338814e-01 8.626984565696053098e-01
1.880000000000000000e+02 -1.306000000000004491e+00 1.574699999999999989e+01 5.760800000000000409e+01 6.622889847423296672e-02 2.221144551232750453e-01 5.263130946378981045e-01 8.180913324591938540e-01
1.890000000000000000e+02 -3.260000000000005116e-01 1.643799999999998818e+01 5.773199999999997090e+01 1.994051439880145107e-04 2.305992485425100991e-01 4.019137347398594184e-01 8.861655018317267096e-01
1.900000000000000000e+02 -7.179999999999964189e-01 1.580700000000000216e+01 5.761700000000001864e+01 4.653620343659482794e-02 2.273940434141958067e-01 4.938183278341575777e-01 8.380153876179882166e-01
1.910000000000000000e+02 -1.999999999999602096e-02 1.627799999999999159e+01 5.787299999999999045e+01 2.634271418388770339e-02 2.279542845605131707e-01 4.593692206648239407e-01 8.580925501749347983e-01
1.920000000000000000e+02 2.600000000000335376e-02 1.563599999999999568e+01 5.796099999999995589e+01 4.768906259388720065e-02 2.264071266938826599e-01 5.034838436959264696e-01 8.324479475788936211e-01
1.930000000000000000e+02 5.100000000000051159e-01 1.682599999999999341e+01 5.948899999999997590e+01 1.848812773436719556e-02 2.332972033280040214e-01 4.486404599681407812e-01 8.625267194306416307e-01
1.940000000000000000e+02 -1.880000000000023874e-01 1.633599999999999852e+01 6.143999999999999773e+01 6.599942942225724141e-02 2.301499159931628402e-01 5.363484140871358496e-01 8.093240822998478690e-01
1.950000000000000000e+02 4.119999999999990337e-01 1.682699999999999818e+01 6.382099999999996953e+01 5.975790530105065668e-02 2.321967805290696130e-01 5.259654324053630869e-01 8.160110365556370038e-01
1.960000000000000000e+02 5.860000000000056275e-01 1.634099999999999397e+01 6.459699999999997999e+01 3.667068739492818780e-02 2.388914248909473070e-01 4.819223056335166233e-01 8.422214905429757925e-01
1.970000000000000000e+02 1.366000000000006764e+00 1.520999999999999375e+01 6.491599999999999682e+01 2.692498465875410932e-02 2.379083732572868648e-01 4.591084787452178739e-01 8.555080688570091407e-01
1.980000000000000000e+02 1.704000000000000625e+00 1.403499999999999659e+01 6.507099999999996953e+01 3.203044969519567436e-02 2.321071330074993000e-01 4.638361811603671225e-01 8.543748159595585534e-01
1.990000000000000000e+02 1.685000000000002274e+00 1.348699999999999477e+01 6.523899999999997590e+01 5.209492777896174848e-02 2.272131219395711887e-01 5.018980884114809804e-01 8.329217397613533080e-01
2.000000000000000000e+02 2.098999999999996646e+00 1.392899999999998784e+01 6.638400000000001455e+01 6.203091836472080650e-02 2.266495671566893522e-01 5.141452193230232615e-01 8.248859510997837985e-01
2.010000000000000000e+02 2.883000000000002672e+00 1.506299999999998818e+01 6.816099999999994452e+01 2.965264645940027602e-02 2.353419788433634419e-01 4.455822139233863166e-01 8.632446722611019085e-01
2.020000000000000000e+02 3.148000000000003240e+00 1.631499999999999773e+01 7.031299999999998818e+01 3.695305573219408862e-02 2.351378493938009462e-01 4.685652175776360839e-01 8.507592493361056940e-01
2.030000000000000000e+02 2.941000000000009607e+00 1.774099999999998545e+01 7.151200000000000045e+01 3.424203630039886204e-02 2.395824423387092617e-01 4.722579565700651960e-01 8.475848976529063439e-01
2.040000000000000000e+02 2.601000000000006196e+00 1.840500000000000114e+01 7.206000000000000227e+01 5.748617648675290875e-02 2.396584775280420354e-01 5.182474349073392661e-01 8.189497847083410109e-01
2.050000000000000000e+02 2.326000000000007617e+00 1.885799999999998988e+01 7.215199999999998681e+01 4.379227355034136238e-02 2.445977454049552691e-01 4.929389270866261774e-01 8.338257575074006223e-01
2.060000000000000000e+02 2.605000000000003979e+00 1.926399999999999579e+01 7.257699999999999818e+01 3.270631159269946769e-02 2.459822181727029933e-01 4.762684850481432308e-01 8.435587565041243741e-01
2.070000000000000000e+02 2.887000000000000455e+00 1.970499999999999829e+01 7.341999999999995907e+01 2.743112616422469993e-02 2.479426742241591375e-01 4.719430010151442478e-01 8.456014234902602400e-01
2.080000000000000000e+02 3.271999999999998465e+00 1.953999999999999204e+01 7.426499999999998636e+01 4.232961413937540857e-02 2.491819122951602350e-01 5.011514673614675397e-01 8.276253893599365696e-01
2.090000000000000000e+02 3.585000000000000853e+00 2.045799999999998420e+01 7.502499999999997726e+01 4.905638551571812195e-02 2.642882110494255699e-01 5.132825050976688175e-01 8.150375957592932430e-01
2.100000000000000000e+02 3.960000000000000853e+00 2.157899999999999352e+01 7.545900000000000318e+01 5.024412345530154117e-02 2.788294934048498042e-01 5.116562805169463379e-01 8.111334614435328216e-01
2.110000000000000000e+02 4.660000000000003695e+00 2.181199999999999761e+01 7.550299999999998590e+01 1.968665167209414715e-02 2.921275100707617089e-01 4.656610764940447011e-01 8.351249699561175133e-01
2.120000000000000000e+02 4.624000000000002331e+00 2.206499999999999773e+01 7.530200000000002092e+01 4.702715018177715950e-02 3.002085785315031785e-01 5.046657521872114360e-01 8.080691400438398952e-01
2.130000000000000000e+02 4.905000000000001137e+00 2.236399999999999011e+01 7.481599999999997408e+01 5.373613820254750234e-02 3.167174308416983441e-01 5.111616791970331475e-01 7.971927208477134208e-01
2.140000000000000000e+02 4.797000000000004150e+00 2.254299999999999216e+01 7.465899999999999181e+01 5.328363073261651456e-02 3.229844816703643096e-01 5.098225784647737457e-01 7.955644648823914089e-01
2.150000000000000000e+02 4.521999999999998465e+00 2.303999999999999204e+01 7.435800000000000409e+01 2.986823318714792314e-02 3.291819239655591756e-01 4.776313528181753143e-01 8.140119411812646311e-01
2.160000000000000000e+02 4.547000000000004150e+00 2.330599999999999739e+01 7.463099999999997181e+01 3.261006477854488245e-02 3.302316984971855329e-01 4.807871976567397176e-01 8.116201571869579023e-01
2.170000000000000000e+02 4.627000000000002444e+00 2.302399999999998670e+01 7.464199999999999591e+01 3.787830063656567881e-02 3.292062342648601758e-01 4.903950424556428045e-01 8.060404406709159586e-01
2.180000000000000000e+02 4.620000000000004547e+00 2.297799999999999443e+01 7.458799999999996544e+01 4.163204513169516119e-02 3.289824739909328888e-01 4.964235312701882341e-01 8.022474569770814412e-01
2.190000000000000000e+02 4.589000000000005741e+00 2.301799999999998647e+01 7.455900000000002592e+01 4.069965459772028477e-02 3.290343063081563324e-01 4.966783235256846396e-01 8.021163296727301661e-01
2.200000000000000000e+02 4.103000000000001535e+00 2.348499999999999943e+01 7.500799999999998136e+01 3.128733464321389185e-02 3.263051018342084109e-01 5.058535746066267214e-01 7.979086691254759778e-01
2.210000000000000000e+02 3.489000000000004320e+00 2.385599999999999454e+01 7.525999999999999091e+01 3.850929671359653444e-02 3.207651337212864551e-01 5.393540815310935432e-01 7.776399795478238230e-01
2.220000000000000000e+02 3.543000000000006366e+00 2.369299999999998363e+01 7.584399999999999409e+01 5.760406148414624200e-02 3.168966772050305636e-01 5.768819558070695797e-01 7.506433754727684926e-01
2.230000000000000000e+02 3.474000000000003752e+00 2.420499999999999829e+01 7.634099999999995134e+01 5.974898755803338679e-02 3.163148607861314687e-01 5.896670274451001337e-01 7.407211108613684925e-01
2.240000000000000000e+02 3.628000000000007219e+00 2.536999999999999034e+01 7.787700000000000955e+01 4.989662545250805881e-02 3.201270401849151126e-01 5.840959959307611138e-01 7.442182962334036311e-01
2.250000000000000000e+02 3.668000000000006366e+00 2.617199999999998283e+01 7.880799999999999272e+01 4.023392408584054725e-02 3.243711248726505181e-01 5.723134739172990315e-01 7.520783817357199474e-01
2.260000000000000000e+02 3.901000000000003354e+00 2.604099999999999682e+01 7.955900000000002592e+01 4.656212137051309735e-02 3.236137049366790697e-01 5.774116022722612929e-01 7.481323281291977212e-01
2.270000000000000000e+02 4.100999999999999091e+00 2.585099999999999909e+01 7.984399999999999409e+01 4.562183685400249267e-02 3.246913511429123100e-01 5.726823913551195577e-01 7.513514844111498503e-01
2.280000000000000000e+02 4.209000000000003183e+00 2.576500000000000057e+01 7.931299999999998818e+01 4.551952828785464644e-02 3.260033762887690201e-01 5.635289962872813696e-01 7.576838664880121144e-01
2.290000000000000000e+02 4.530000000000001137e+00 2.580199999999999250e+01 7.859399999999999409e+01 3.387936263315206170e-02 3.328693199138488823e-01 5.306801795129062471e-01 7.787353540965074039e-01
2.300000000000000000e+02 4.725000000000001421e+00 2.540199999999998681e+01 7.730900000000002592e+01 4.290551535760202956e-02 3.344565128809567911e-01 5.198137801944037184e-01 7.849150219376700433e-01
2.310000000000000000e+02 5.021000000000000796e+00 2.497199999999997999e+01 7.706000000000000227e+01 4.845102675796691960e-02 3.345397248111903199e-01 5.145214387130104816e-01 7.880376638423101099e-01
2.320000000000000000e+02 4.579000000000000625e+00 2.442699999999999250e+01 7.746099999999995589e+01 5.302321438829409733e-02 3.089323802136501040e-01 5.166613444220433671e-01 7.967498844502385325e-01
2.330000000000000000e+02 3.509000000000000341e+00 2.248699999999999477e+01 7.890599999999994907e+01 4.234748843484931191e-02 2.284199942524811344e-01 5.065558908684002493e-01 8.303204958782349765e-01
2.340000000000000000e+02 3.021999999999998465e+00 2.145199999999999818e+01 7.947299999999995634e+01 4.514512830816373723e-02 1.867465784706237863e-01 5.149029690500515066e-01 8.354415391174874195e-01
2.350000000000000000e+02 3.341000000000008185e+00 2.168999999999999773e+01 7.959699999999997999e+01 4.175562805753927492e-02 1.806958354199226791e-01 5.074265581521456570e-01 8.415009035463263398e-01
2.360000000000000000e+02 3.676999999999999602e+00 2.104899999999999238e+01 8.007599999999996498e+01 3.295848164818038911e-02 1.808929258680674335e-01 4.817443619849453018e-01 8.568044453398070415e-01
2.370000000000000000e+02 3.865000000000001990e+00 1.993699999999999761e+01 8.011399999999997590e+01 3.997177012585411554e-02 1.802162395627233404e-01 5.021015552898873135e-01 8.448777383541082875e-01
2.380000000000000000e+02 3.809000000000004604e+00 2.025000000000000000e+01 8.020599999999996044e+01 4.293375919485650782e-02 1.779163331698720429e-01 5.049480772638421655e-01 8.435223233443996937e-01
2.390000000000000000e+02 3.663000000000003809e+00 2.032699999999999818e+01 8.020999999999997954e+01 4.357370811699100982e-02 1.790610514273151266e-01 5.050515697681104976e-01 8.431852606025838082e-01
2.400000000000000000e+02 4.074000000000005173e+00 2.039899999999998670e+01 8.114199999999999591e+01 3.586981147598770903e-02 1.772288213232925680e-01 4.855618753496181994e-01 8.552970049778003681e-01
2.410000000000000000e+02 4.170999999999999375e+00 2.013700000000000045e+01 8.188499999999999091e+01 3.094475441245512007e-02 1.781724145455535480e-01 4.749734966059476760e-01 8.612184336109394156e-01
2.420000000000000000e+02 3.987000000000001876e+00 2.023799999999998533e+01 8.261199999999996635e+01 4.568950748879777729e-02 1.769496071101956947e-01 5.080764069050089926e-01 8.417004634639774219e-01
2.430000000000000000e+02 3.936999999999997613e+00 2.042499999999999716e+01 8.303399999999999181e+01 4.711934883568810739e-02 1.762262114177225170e-01 5.091726465703881876e-01 8.411107568918397837e-01
2.440000000000000000e+02 4.349000000000003752e+00 2.113199999999999079e+01 8.315999999999996817e+01 3.820045764876085770e-02 1.746431089840266015e-01 4.884486098276227262e-01 8.540834063938260723e-01
2.450000000000000000e+02 4.207000000000000739e+00 2.131299999999998818e+01 8.419299999999998363e+01 3.092162351884361268e-02 1.808329984775171040e-01 4.713385508733516915e-01 8.626605649507794737e-01
2.460000000000000000e+02 4.490999999999999659e+00 2.172599999999998488e+01 8.432400000000001228e+01 3.952734136020474853e-02 1.908627956824612004e-01 4.955715100502666171e-01 8.464147097822481980e-01
2.470000000000000000e+02 4.517000000000003013e+00 2.227099999999998658e+01 8.399599999999998090e+01 5.196515540748849332e-02 2.011537888698342602e-01 5.210164806867885190e-01 8.278759585224945150e-01
2.480000000000000000e+02 4.828000000000002956e+00 2.302899999999999636e+01 8.364999999999997726e+01 4.618473263017023461e-02 2.288377018284728781e-01 5.066790586317024836e-01 8.299256642843588772e-01
2.490000000000000000e+02 4.693000000000004945e+00 2.392599999999998772e+01 8.301299999999997681e+01 3.664029400862137825e-02 2.471360591410898810e-01 4.859783946125543208e-01 8.375000042370017717e-01
2.500000000000000000e+02 5.114000000000004320e+00 2.400099999999999056e+01 8.322699999999997544e+01 1.359435098319190620e-02 2.554369950789351917e-01 4.426522171465155364e-01 8.594336215331954687e-01
2.510000000000000000e+02 4.870000000000004547e+00 2.335299999999999443e+01 8.251299999999997681e+01 4.417306990300923913e-02 2.502762327407392351e-01 5.039606967699786777e-01 8.254902563516813840e-01
2.520000000000000000e+02 4.078000000000002956e+00 2.282299999999999329e+01 7.984899999999998954e+01 2.518723984120384285e-02 2.501559885038103781e-01 4.757370794147010584e-01 8.428889699330710528e-01
2.530000000000000000e+02 3.850000000000001421e+00 2.271099999999999852e+01 7.903999999999996362e+01 1.435956712206730261e-02 2.455174537419519409e-01 4.681406968661617762e-01 8.487398132983982046e-01
2.540000000000000000e+02 3.999000000000002331e+00 2.245799999999998420e+01 7.883999999999997499e+01 -2.480424269901732211e-03 2.440260561443542975e-01 4.358520250427914133e-01 8.663014161850202122e-01
2.550000000000000000e+02 4.259000000000000341e+00 2.137099999999999511e+01 7.894299999999998363e+01 2.041219989327385659e-02 2.375774881759748491e-01 4.705973421755103026e-01 8.495165806179754142e-01
2.560000000000000000e+02 4.962000000000003297e+00 1.990699999999999648e+01 8.014999999999997726e+01 3.986022921690081378e-02 2.340268198995797966e-01 4.995032082575423527e-01 8.331501393115697818e-01
2.570000000000000000e+02 5.288000000000003809e+00 2.058199999999999363e+01 8.128199999999998226e+01 5.003276704211892523e-02 2.422424702571771560e-01 5.067630760291719216e-01 8.258368438131478140e-01
2.580000000000000000e+02 5.301000000000001933e+00 2.231099999999999284e+01 8.256400000000002137e+01 3.142971753121219514e-02 2.482970071211848540e-01 4.758426733006576592e-01 8.431693301921353578e-01
2.590000000000000000e+02 5.681000000000004491e+00 2.223699999999999477e+01 8.356999999999999318e+01 2.211382519787108772e-02 2.514752470835612819e-01 4.570515179376187231e-01 8.528628780702665058e-01
2.600000000000000000e+02 6.251000000000004775e+00 2.136599999999998545e+01 8.452299999999996771e+01 3.022131325656422784e-02 2.528781885027126530e-01 4.599775078138854112e-01 8.506232928329450216e-01
2.610000000000000000e+02 6.701000000000000512e+00 2.085599999999999454e+01 8.495099999999996498e+01 3.671572289868959421e-02 2.508381479115789348e-01 4.700795759271977348e-01 8.454332448753251184e-01
2.620000000000000000e+02 7.190000000000004832e+00 2.051200000000000045e+01 8.553899999999998727e+01 3.761107477526798998e-02 2.522582097154901226e-01 4.719933817168819323e-01 8.439036972906605039e-01
2.630000000000000000e+02 7.436999999999997613e+00 2.069599999999999795e+01 8.609399999999999409e+01 3.143040920355514439e-02 2.529334206674764829e-01 4.584541202821501571e-01 8.513851265338537866e-01
2.640000000000000000e+02 7.587000000000003297e+00 2.075299999999998590e+01 8.644900000000001228e+01 3.213031227550058877e-02 2.544042141371170573e-01 4.546165677003433658e-01 8.529770895133782505e-01
2.650000000000000000e+02 7.593000000000003524e+00 2.101699999999999591e+01 8.673399999999998045e+01 4.526966751909398956e-02 2.537823467585830772e-01 4.743245515844323190e-01 8.417608908951783597e-01
2.660000000000000000e+02 7.809000000000004604e+00 2.054999999999999716e+01 8.694900000000001228e+01 5.151053248324719697e-02 2.540152684488307111e-01 4.884985092570958143e-01 8.331819218464572296e-01
2.670000000000000000e+02 7.767000000000003013e+00 2.082399999999999807e+01 8.659999999999996589e+01 4.772785573263577802e-02 2.534516567624186534e-01 4.837711274282116003e-01 8.363311579382814998e-01
2.680000000000000000e+02 6.995000000000004547e+00 2.071399999999999864e+01 8.761599999999998545e+01 4.087029803945585460e-02 2.389039747052626173e-01 4.786445697219768869e-01 8.438921053569922170e-01
2.690000000000000000e+02 7.248000000000004661e+00 2.040500000000000114e+01 8.838400000000001455e+01 3.144090331049832765e-02 2.329430590095592224e-01 4.664030739833508465e-01 8.527702934771883569e-01
2.700000000000000000e+02 6.788000000000003809e+00 2.037999999999999545e+01 8.898399999999998045e+01 3.814131529322015851e-02 2.251874187580985565e-01 4.894184512577841595e-01 8.416088438634660163e-01
2.710000000000000000e+02 6.931000000000004491e+00 2.026299999999999102e+01 8.900400000000001910e+01 3.985330997832689515e-02 2.224555197786173555e-01 5.005903289731895578e-01 8.356641537976309264e-01
2.720000000000000000e+02 6.703000000000002956e+00 2.018299999999999272e+01 8.881799999999998363e+01 5.089784739654715229e-02 2.190235911914694134e-01 5.227977312561882250e-01 8.222655336479647303e-01
2.730000000000000000e+02 6.905999999999998806e+00 2.035299999999999443e+01 8.865999999999996817e+01 2.627542193766827655e-02 2.229887200240798228e-01 4.765103989397921902e-01 8.500138073268340699e-01
2.740000000000000000e+02 6.709000000000003183e+00 2.028599999999998715e+01 8.874799999999999045e+01 4.537438546370184400e-02 2.178793656407068957e-01 5.202157602741963593e-01 8.245273251591692665e-01
2.750000000000000000e+02 6.533000000000001251e+00 2.018799999999998818e+01 8.869700000000000273e+01 4.650379711296537960e-02 2.167134004553331050e-01 5.267995756354101333e-01 8.205820531960922315e-01
2.760000000000000000e+02 6.739000000000004320e+00 2.025000000000000000e+01 8.862799999999998590e+01 4.583837262284295999e-02 2.168082653575789387e-01 5.282354676222040801e-01 8.196708549252428311e-01
2.770000000000000000e+02 6.640999999999998238e+00 2.022599999999998488e+01 8.880000000000001137e+01 4.184798201940202744e-02 2.182134389198335800e-01 5.175202521543462719e-01 8.263198110210027147e-01
2.780000000000000000e+02 6.657000000000003581e+00 2.028399999999999181e+01 8.890799999999995862e+01 4.082932178901357151e-02 2.185718308653679665e-01 5.136868255449333898e-01 8.286646888192951144e-01
2.790000000000000000e+02 6.648000000000003240e+00 2.036799999999999500e+01 8.892799999999999727e+01 4.307034340128960276e-02 2.172851015574656375e-01 5.148970659865559352e-01 8.281383589708263271e-01
2.800000000000000000e+02 6.595000000000005969e+00 1.996399999999999864e+01 8.917300000000000182e+01 4.516299233823375947e-02 2.048310153997194571e-01 5.216269379434785858e-01 8.269884502609978760e-01
2.810000000000000000e+02 6.146999999999998465e+00 2.079500000000000171e+01 8.984799999999995634e+01 4.354357322385723345e-02 1.878624209543817980e-01 5.255433985871224012e-01 8.286228359305300994e-01
2.820000000000000000e+02 5.363000000000006651e+00 2.151299999999999102e+01 9.018999999999999773e+01 4.402310041039207700e-02 1.644724059862860965e-01 5.322824441807121332e-01 8.292684691439472511e-01
2.830000000000000000e+02 5.408000000000001251e+00 2.143699999999999761e+01 8.986000000000001364e+01 3.075552974322657770e-02 1.638804822796023353e-01 5.005748106540969244e-01 8.494834570823809328e-01
2.840000000000000000e+02 5.138000000000005230e+00 2.092999999999999261e+01 8.864400000000000546e+01 3.237881419773058767e-02 1.609121502596521092e-01 4.942629181473139899e-01 8.536762032729187100e-01
2.850000000000000000e+02 4.778000000000005798e+00 2.004999999999999716e+01 8.689199999999999591e+01 4.001305201970611902e-02 1.563618175183796033e-01 4.997217129566333127e-01 8.510159500797299659e-01
2.860000000000000000e+02 4.535000000000003695e+00 1.964599999999998658e+01 8.625000000000000000e+01 4.973212332860565965e-02 1.522697952871069071e-01 5.206615688800722008e-01 8.386013093501540894e-01
2.870000000000000000e+02 5.135000000000005116e+00 1.996099999999999852e+01 8.624500000000000455e+01 3.649442353116882226e-02 1.551439416399369720e-01 4.747747879385939562e-01 8.655561305665939731e-01
2.880000000000000000e+02 5.487000000000001876e+00 1.928999999999999204e+01 8.546699999999998454e+01 2.189357777746187006e-02 1.566287811065273372e-01 4.146249307076213531e-01 8.961441083982453204e-01
2.890000000000000000e+02 5.268000000000007788e+00 1.903000000000000114e+01 8.458099999999996044e+01 2.000911712797904737e-02 1.543761034402704457e-01 3.890401472984215125e-01 9.079732472426598200e-01
2.900000000000000000e+02 5.253000000000007219e+00 1.866799999999999216e+01 8.425299999999998590e+01 2.607231973986225831e-02 1.542996806146244848e-01 3.963199972914547842e-01 9.046780103730324152e-01
2.910000000000000000e+02 5.319000000000002615e+00 1.909499999999999886e+01 8.433799999999996544e+01 3.250561962370746016e-02 1.519337232454818776e-01 4.043752117594355266e-01 9.012991825959656422e-01
2.920000000000000000e+02 5.288000000000003809e+00 1.926599999999999113e+01 8.468999999999999773e+01 2.986235376694442584e-02 1.538318374542065325e-01 3.899435920586750703e-01 9.074072958850055715e-01
2.930000000000000000e+02 5.102000000000003865e+00 1.986599999999998545e+01 8.553699999999997772e+01 2.949864943528207953e-02 1.500583361238045643e-01 4.064986671384165917e-01 9.007614329310178469e-01
2.940000000000000000e+02 4.603000000000001535e+00 2.003299999999998704e+01 8.633799999999996544e+01 2.917129999649475600e-02 1.506970666236689127e-01 4.247816734846005526e-01 8.921882980846354005e-01
2.950000000000000000e+02 4.172000000000004150e+00 2.103999999999999204e+01 8.762900000000001910e+01 3.724314593636156301e-02 1.466191495057819205e-01 4.840733140582259009e-01 8.618519592689050102e-01
2.960000000000000000e+02 4.135000000000005116e+00 2.159000000000000341e+01 8.854800000000000182e+01 3.702956869160522330e-02 1.449684713564069749e-01 5.105511484852367499e-01 8.467292826727477184e-01
2.970000000000000000e+02 4.169000000000004036e+00 2.241599999999999682e+01 9.032900000000000773e+01 4.116944193550529929e-02 1.447828586551041241e-01 5.397328406917348831e-01 8.282701621869554831e-01
2.980000000000000000e+02 4.275000000000005684e+00 2.288199999999999079e+01 9.181499999999999773e+01 2.804540837176936960e-02 1.498917330606326648e-01 5.236872791286485418e-01 8.381512734036581369e-01
2.990000000000000000e+02 4.366999999999997328e+00 2.325699999999999079e+01 9.313099999999997181e+01 3.866134559641751928e-02 1.508129335927559100e-01 5.625334192294398905e-01 8.119833198211996450e-01
3.000000000000000000e+02 4.276000000000003354e+00 2.361999999999999034e+01 9.418899999999999295e+01 4.505255677445341167e-02 1.539460329978936393e-01 5.839682179620656610e-01 7.957713279972491449e-01
3.010000000000000000e+02 4.414999999999999147e+00 2.381899999999998840e+01 9.441700000000000159e+01 5.339115636454756092e-02 1.536401391135734373e-01 5.991450499318249356e-01 7.839447054591346387e-01
3.020000000000000000e+02 4.730000000000003979e+00 2.378000000000000114e+01 9.429699999999999704e+01 4.512498000213911731e-02 1.555591321316635578e-01 5.769624887062974050e-01 8.005494233437968621e-01
3.030000000000000000e+02 5.019000000000005457e+00 2.375299999999998590e+01 9.467999999999997840e+01 3.625181760448329543e-02 1.591092005192650816e-01 5.542901713270897979e-01 8.161693905070669386e-01
3.040000000000000000e+02 4.892000000000003013e+00 2.370199999999999818e+01 9.461099999999996157e+01 4.035353979526501433e-02 1.588107051323072172e-01 5.670165941066568349e-01 8.072440360690552597e-01
3.050000000000000000e+02 4.350000000000001421e+00 2.344199999999999307e+01 9.312199999999998568e+01 4.357064030549966799e-02 1.507460553396239022e-01 5.745224430863110632e-01 8.033064100908496874e-01
3.060000000000000000e+02 4.403000000000005798e+00 2.351399999999999579e+01 9.279799999999997340e+01 4.242637760083346754e-02 1.477849711288973522e-01 5.755945967138723640e-01 8.031503377487287931e-01
3.070000000000000000e+02 4.612000000000001876e+00 2.327899999999999636e+01 9.267199999999999704e+01 3.363000676914514736e-02 1.488775623253703884e-01 5.573269600472273710e-01 8.161440765485460380e-01
3.080000000000000000e+02 4.685000000000002274e+00 2.388400000000000034e+01 9.423199999999999932e+01 2.850434263262576276e-02 1.556569898388274198e-01 5.474614051513986279e-01 8.217325683183387408e-01
3.090000000000000000e+02 4.619000000000006878e+00 2.394799999999999329e+01 9.468599999999997863e+01 4.222222815685522379e-02 1.549315672088905360e-01 5.801626479537164149e-01 7.985141168764642305e-01
3.100000000000000000e+02 4.701000000000000512e+00 2.455399999999998784e+01 9.568099999999998317e+01 5.301294784300766144e-02 1.562962771881246660e-01 5.967330713705711887e-01 7.852838611806385316e-01
3.110000000000000000e+02 5.379000000000004889e+00 2.520799999999998420e+01 9.706299999999998818e+01 4.682090629942850524e-02 1.632453194824355081e-01 5.855427046498898891e-01 7.926528303309523515e-01
3.120000000000000000e+02 5.383000000000002672e+00 2.559999999999999432e+01 9.775499999999999545e+01 3.901364408255350580e-02 1.669017448449219287e-01 5.660425327601547041e-01 8.063607097630622889e-01
3.130000000000000000e+02 5.240999999999999659e+00 2.560999999999999943e+01 9.838200000000000500e+01 4.418087488128417950e-02 1.695911491472182342e-01 5.810340870475918518e-01 7.947869413336015043e-01
3.140000000000000000e+02 5.271999999999998465e+00 2.634600000000000364e+01 9.894200000000000728e+01 5.262249943131810936e-02 1.693897559654252150e-01 5.972467733450321781e-01 7.821983603003284102e-01
3.150000000000000000e+02 5.365000000000001990e+00 2.638499999999999091e+01 9.945900000000000318e+01 3.933523097341236341e-02 1.779833570114081054e-01 5.705648983903826021e-01 8.007686063751440209e-01
3.160000000000000000e+02 5.685999999999999943e+00 2.700399999999999068e+01 9.973799999999997112e+01 2.878417325139720137e-02 1.777643363410054411e-01 5.486836930341847385e-01 8.164052407314912330e-01
3.170000000000000000e+02 5.618000000000002103e+00 2.686999999999999034e+01 1.000849999999999795e+02 2.389470437874731748e-02 1.804583753964005000e-01 5.394997579671840793e-01 8.220728854580315881e-01
3.180000000000000000e+02 5.699000000000005173e+00 2.677799999999999159e+01 1.001349999999999909e+02 3.176962063160956862e-02 1.810178489572963623e-01 5.615593715962480248e-01 8.067678115394937288e-01
3.190000000000000000e+02 5.749000000000002331e+00 2.685599999999999454e+01 1.004689999999999941e+02 3.157064284894840756e-02 1.825322491569027206e-01 5.630801685674532431e-01 8.053732031138576275e-01
3.200000000000000000e+02 5.681000000000004491e+00 2.750000000000000000e+01 1.006609999999999729e+02 4.016909103106403034e-02 1.811694416394136475e-01 5.806938908229684060e-01 7.926907863112094832e-01
3.210000000000000000e+02 5.515999999999998238e+00 2.788100000000000023e+01 1.009349999999999739e+02 3.901710507163003161e-02 1.829147173896717438e-01 5.793530748216710879e-01 7.933283597406316501e-01
3.220000000000000000e+02 5.801999999999999602e+00 2.800499999999999545e+01 1.010840000000000032e+02 2.828460415609803519e-02 1.865857083076234713e-01 5.589204804182119624e-01 8.074612381979400233e-01
3.230000000000000000e+02 5.464000000000005741e+00 2.790399999999999636e+01 1.011909999999999741e+02 4.260684503258313494e-02 1.850140818462817083e-01 5.890120196197089486e-01 7.855057523777011497e-01
3.240000000000000000e+02 5.604000000000006310e+00 2.767600000000000193e+01 1.011149999999999807e+02 3.546505552614222234e-02 1.885900412635833912e-01 5.756169137018494197e-01 7.948843908601332942e-01
3.250000000000000000e+02 5.706000000000003070e+00 2.787699999999998113e+01 1.011159999999999854e+02 3.007500083748000999e-02 1.882088174921057733e-01 5.635797775447195512e-01 8.037728346277280833e-01
3.260000000000000000e+02 5.716999999999998749e+00 2.804099999999999682e+01 1.011459999999999582e+02 2.671345223025218055e-02 1.885738117549599357e-01 5.558860505526557194e-01 8.091458507531984479e-01
3.270000000000000000e+02 5.846000000000003638e+00 2.795600000000000307e+01 1.011629999999999825e+02 1.473944552722963354e-02 1.908007501685591578e-01 5.328667786836678300e-01 8.242759359922839923e-01
3.280000000000000000e+02 5.852000000000003865e+00 2.788199999999999079e+01 1.012409999999999854e+02 2.477562431546144819e-02 1.901096986191576077e-01 5.498199985879828056e-01 8.129836653238629030e-01
3.290000000000000000e+02 5.703000000000002956e+00 2.780899999999999750e+01 1.012159999999999798e+02 3.731719567730121950e-02 1.891312746181622040e-01 5.707752455935851676e-01 7.981556282365449562e-01
3.300000000000000000e+02 5.795000000000001705e+00 2.802100000000000080e+01 1.010269999999999868e+02 2.859136076373936311e-02 1.878443977927330144e-01 5.545369682197553995e-01 8.101763802933317216e-01
3.310000000000000000e+02 5.670999999999999375e+00 2.758699999999998909e+01 1.002679999999999723e+02 1.839031431359665694e-02 1.872624734343216468e-01 5.313414841940864441e-01 8.259968459728720402e-01
3.320000000000000000e+02 5.631000000000000227e+00 2.636199999999998056e+01 9.903899999999998727e+01 1.611759220657140584e-02 1.837750879987788966e-01 5.205841542130802413e-01 8.336420566614640704e-01
3.330000000000000000e+02 5.070000000000000284e+00 2.573899999999999011e+01 9.798099999999996612e+01 2.832543809331149187e-02 1.787729839617890892e-01 5.399233595249515183e-01 8.220222962922051346e-01
3.340000000000000000e+02 5.146000000000000796e+00 2.590399999999999636e+01 9.730999999999997385e+01 3.345695716084456928e-02 1.738901864512837347e-01 5.493353121089792346e-01 8.166232607167184243e-01
3.350000000000000000e+02 5.230000000000003979e+00 2.567100000000000648e+01 9.690899999999999181e+01 3.076640819706797855e-02 1.761929469981823315e-01 5.392865625033781418e-01 8.229091548026654657e-01
3.360000000000000000e+02 5.650000000000005684e+00 2.526199999999998624e+01 9.682799999999997453e+01 1.922792549743952695e-02 1.896623122943634221e-01 5.096238014942446881e-01 8.390125595763002764e-01
3.370000000000000000e+02 6.021999999999998465e+00 2.561100000000000421e+01 9.691999999999998749e+01 3.492164776876596766e-02 2.046821316825822024e-01 5.383049189076475338e-01 8.167701743861729424e-01
3.380000000000000000e+02 6.206000000000003070e+00 2.603299999999998704e+01 9.632499999999998863e+01 4.996872871472107791e-02 2.241743364794917259e-01 5.658861544518982711e-01 7.918471147982144576e-01
3.390000000000000000e+02 6.936999999999997613e+00 2.724699999999998568e+01 9.526599999999996271e+01 3.999376712598898265e-02 2.609474492382478639e-01 5.421212211221733135e-01 7.977540403759343368e-01
3.400000000000000000e+02 7.373000000000004661e+00 2.784299999999998931e+01 9.450000000000000000e+01 3.310514894941640057e-02 2.844862166756768063e-01 5.279763814555843426e-01 7.995077124453923156e-01
3.410000000000000000e+02 7.462000000000003297e+00 2.775799999999999557e+01 9.447499999999999432e+01 2.811221374609351384e-02 2.919165310900521670e-01 5.189944957005685477e-01 8.028942369622271702e-01
3.420000000000000000e+02 7.596000000000003638e+00 2.766100000000000136e+01 9.423900000000000432e+01 5.277084109013248370e-02 2.918935096710532640e-01 5.564468228991872323e-01 7.761316580503306861e-01
3.430000000000000000e+02 7.696000000000005059e+00 2.812899999999999068e+01 9.405199999999999250e+01 5.487797681170694664e-02 3.019880427276213086e-01 5.579266511490532654e-01 7.710444096471984476e-01
3.440000000000000000e+02 7.914999999999999147e+00 2.823699999999998056e+01 9.346399999999999864e+01 4.590966291542194350e-02 3.100554833473324612e-01 5.441968267813132032e-01 7.782080144912373321e-01
3.450000000000000000e+02 7.683000000000006935e+00 2.887999999999999545e+01 9.375199999999998113e+01 3.906951842980967843e-02 3.110866722811245211e-01 5.308913634837127971e-01 7.873074464509549619e-01
3.460000000000000000e+02 7.826999999999998181e+00 2.849199999999999022e+01 9.382499999999998863e+01 5.406622124727647472e-02 3.080601149065019251e-01 5.534594729795480061e-01 7.719186622261662301e-01
3.470000000000000000e+02 7.763000000000005230e+00 2.856699999999999307e+01 9.361199999999999477e+01 4.841797723297721484e-02 3.105672580778160996e-01 5.451771195107657508e-01 7.771650957503419832e-01
3.480000000000000000e+02 8.036999999999999034e+00 2.825100000000000477e+01 9.384599999999997522e+01 3.975071983043215740e-02 3.142572799858382449e-01 5.294446357216099353e-01 7.869883226290442790e-01
3.490000000000000000e+02 8.381000000000000227e+00 2.802199999999999136e+01 9.420499999999998408e+01 4.719646358220664500e-02 3.116167946979611636e-01 5.358846625838005195e-01 7.832592773117649232e-01
3.500000000000000000e+02 8.593000000000003524e+00 2.753499999999999659e+01 9.428799999999998249e+01 2.944791636747783742e-02 3.153462705430357116e-01 5.076443693187596695e-01 8.012407529420674246e-01
3.510000000000000000e+02 8.797000000000004150e+00 2.720899999999998897e+01 9.421199999999998909e+01 4.275516395487006377e-02 3.126130227381055393e-01 5.258927423271380075e-01 7.898619610649567635e-01
3.520000000000000000e+02 8.980000000000003979e+00 2.678100000000000591e+01 9.433999999999997499e+01 5.749774662021781696e-02 3.106974561083649111e-01 5.452616984784622867e-01 7.764346592429851590e-01
3.530000000000000000e+02 8.818000000000004945e+00 2.639499999999999602e+01 9.434399999999999409e+01 4.339238573422564416e-02 2.992083021784388563e-01 5.316223646522860724e-01 7.911821245258894297e-01
3.540000000000000000e+02 7.804000000000002046e+00 2.465500000000000114e+01 9.566599999999996840e+01 4.919884180039890004e-02 2.468534431376737948e-01 5.395547141318949302e-01 8.034448095760055031e-01
3.550000000000000000e+02 7.567000000000000171e+00 2.460299999999999443e+01 9.593599999999997863e+01 4.003933756311225250e-02 2.337764505514953184e-01 5.233285042181885505e-01 8.184575122068370456e-01
3.560000000000000000e+02 7.120000000000004547e+00 2.418399999999999750e+01 9.595199999999999818e+01 4.467067988594262962e-02 2.253632480402968652e-01 5.342717951533262344e-01 8.134922161243446359e-01
3.570000000000000000e+02 6.709000000000003183e+00 2.414000000000000057e+01 9.582699999999999818e+01 4.841382505665249580e-02 2.131708103831490009e-01 5.459010330769547004e-01 8.088302474743936932e-01
3.580000000000000000e+02 6.493000000000002103e+00 2.425000000000000000e+01 9.573499999999998522e+01 5.052644805887033380e-02 2.104435212064750815e-01 5.500905531787259051e-01 8.065736083782417687e-01
3.590000000000000000e+02 6.511000000000002785e+00 2.445299999999998875e+01 9.544299999999998363e+01 2.962465848945820476e-02 2.111260942052175515e-01 5.081990425217400853e-01 8.344350694541902147e-01
3.600000000000000000e+02 6.136000000000002785e+00 2.383399999999998897e+01 9.422399999999998954e+01 3.233738360373265841e-02 2.056331671682509188e-01 5.109600715431897866e-01 8.340198435712411484e-01
3.610000000000000000e+02 5.935000000000002274e+00 2.345099999999999341e+01 9.297399999999998954e+01 3.583552995765875576e-02 2.027053610423008856e-01 5.176828485775459843e-01 8.304401361242131907e-01
3.620000000000000000e+02 5.745000000000004547e+00 2.322099999999998943e+01 9.230099999999995930e+01 5.016301865148469624e-02 1.979195116256390607e-01 5.446652524792688910e-01 8.134195112113635773e-01
3.630000000000000000e+02 5.369000000000006878e+00 2.328599999999998715e+01 9.128599999999994452e+01 4.240950296390270935e-02 1.980680940574119087e-01 5.323321752063541190e-01 8.219445963171060354e-01
3.640000000000000000e+02 5.082000000000000739e+00 2.350699999999999079e+01 8.969099999999997408e+01 2.696549778930838748e-02 1.962990986688908368e-01 5.005381132321871096e-01 8.427343134064958496e-01
3.650000000000000000e+02 4.664000000000001478e+00 2.267199999999999704e+01 8.829199999999997317e+01 2.312862740708129458e-02 1.964620397374399197e-01 4.893781213892905990e-01 8.493390299768154295e-01
3.660000000000000000e+02 4.574000000000005173e+00 2.170299999999998875e+01 8.702899999999999636e+01 3.861399591772034928e-02 1.912360123595487627e-01 5.238512497518832411e-01 8.291668197832537945e-01
3.670000000000000000e+02 4.456000000000003070e+00 2.140399999999999636e+01 8.502899999999999636e+01 3.285229883788591543e-02 1.897596861162564597e-01 5.112843725644891091e-01 8.375561344515737305e-01
3.680000000000000000e+02 4.039000000000001478e+00 2.086499999999999488e+01 8.324099999999998545e+01 2.961076277763189865e-02 1.870429393090586312e-01 5.026366120203169530e-01 8.435013798679241726e-01
3.690000000000000000e+02 3.686999999999997613e+00 2.097199999999999420e+01 8.133099999999996044e+01 1.957371455460880233e-02 1.856613459254717047e-01 4.780548437805505757e-01 8.582600425661388588e-01
3.700000000000000000e+02 3.533000000000001251e+00 2.117899999999998784e+01 8.061099999999999000e+01 3.753950237009102964e-02 1.808454580955315694e-01 5.142644049795462857e-01 8.375069121022563623e-01
3.710000000000000000e+02 3.208000000000005514e+00 2.100599999999998602e+01 7.897399999999998954e+01 3.770757583642140448e-02 1.821601343634540460e-01 5.199841854785358652e-01 8.336739596661589813e-01
3.720000000000000000e+02 2.936000000000007049e+00 2.090899999999999181e+01 7.709999999999996589e+01 4.297831938088397113e-02 1.788193046853082113e-01 5.376033660414175630e-01 8.228967986059947393e-01
3.730000000000000000e+02 2.450000000000002842e+00 2.085500000000000398e+01 7.495099999999996498e+01 5.087200068776238232e-02 1.705845874885947300e-01 5.595523469580174769e-01 8.094529690297915803e-01
3.740000000000000000e+02 2.448999999999998067e+00 2.089099999999999113e+01 7.361000000000001364e+01 2.167628109480938814e-02 1.724787478591210399e-01 4.888423879652348814e-01 8.548767982015276212e-01
3.750000000000000000e+02 1.914000000000001478e+00 2.011599999999998545e+01 7.164999999999997726e+01 1.732389944408769741e-02 1.682739821163118654e-01 4.801775329953099081e-01 8.607051099286610052e-01
3.760000000000000000e+02 1.512000000000000455e+00 1.916199999999999193e+01 6.985399999999998499e+01 1.774228021493872223e-02 1.632836218736793410e-01 4.840990497775756740e-01 8.594601679688455009e-01
3.770000000000000000e+02 1.149000000000000909e+00 1.876200000000000045e+01 6.840399999999999636e+01 2.399863889285497667e-02 1.599387227525856658e-01 5.009682811161294547e-01 8.502202371216016630e-01
3.780000000000000000e+02 9.410000000000096065e-01 1.843099999999999739e+01 6.638599999999996726e+01 1.739382409373824503e-02 1.527170370370080077e-01 4.863104179307820574e-01 8.601611121726100428e-01
3.790000000000000000e+02 1.262000000000000455e+00 1.736199999999999477e+01 6.411199999999996635e+01 -3.425428758689664805e-03 1.417345335511301374e-01 4.373787918682719433e-01 8.880311823695795637e-01
3.800000000000000000e+02 4.360000000000070486e-01 1.653199999999999648e+01 6.231999999999999318e+01 1.827369280527949523e-03 1.374505251343965673e-01 4.501197152483508712e-01 8.823243484153289184e-01
3.810000000000000000e+02 -1.457999999999998408e+00 1.536299999999998533e+01 6.083499999999997954e+01 1.459005725514916398e-02 1.423529562950977545e-01 4.794701735564864120e-01 8.658124038918882936e-01
3.820000000000000000e+02 -9.949999999999974420e-01 1.522099999999998943e+01 5.844099999999997408e+01 4.720234322708137531e-02 1.233896004889486475e-01 5.986801074453158567e-01 7.900184011998172551e-01
3.830000000000000000e+02 -1.554999999999999716e+00 1.491899999999999693e+01 5.579599999999999227e+01 2.600157548393964430e-02 1.218612508449736648e-01 5.241896631735245560e-01 8.424363184460166298e-01
3.840000000000000000e+02 -4.930000000000021032e-01 1.425499999999999545e+01 5.424700000000001410e+01 -1.380494863421411096e-02 1.082217563510453895e-01 3.859619165824950682e-01 9.160408690628758510e-01
3.850000000000000000e+02 -2.651999999999993918e+00 1.405700000000000216e+01 5.264999999999997726e+01 1.192331183617412714e-02 1.024400981351486911e-01 4.386923073680585872e-01 8.926997929791444797e-01
3.860000000000000000e+02 -3.185999999999999943e+00 1.302199999999999136e+01 5.140799999999995862e+01 2.599465018730005850e-02 1.025423364493753126e-01 4.951596934551059648e-01 8.623376516043982365e-01
3.870000000000000000e+02 -3.695000000000000284e+00 1.289000000000000057e+01 5.007699999999999818e+01 4.502250165078409277e-02 8.476095065008633356e-02 5.742742026765442764e-01 8.130176478590228628e-01
3.880000000000000000e+02 -1.318999999999995509e+00 1.331199999999999761e+01 4.889400000000000546e+01 1.414829145024369336e-02 6.987115709924050788e-02 4.593057221019200553e-01 8.854129550097434853e-01
3.890000000000000000e+02 -1.898999999999993804e+00 1.256899999999998840e+01 4.774500000000000455e+01 1.457929870134157084e-02 5.874859595996367867e-02 4.502659979387944045e-01 8.908403771845389008e-01
3.900000000000000000e+02 -3.378000000000000114e+00 1.079399999999999693e+01 4.768900000000002137e+01 1.374953189006885082e-02 3.810281924917147817e-02 3.761821320266084401e-01 9.256598344327057193e-01
3.910000000000000000e+02 -4.773999999999993804e+00 1.096500000000000341e+01 4.746699999999998454e+01 2.388176024765015226e-02 3.151573206628700136e-02 4.317824990765364856e-01 9.011105890239113902e-01
3.920000000000000000e+02 -3.458999999999996078e+00 1.184799999999998477e+01 4.722499999999996589e+01 2.471522447135089673e-02 1.903117192262450755e-02 5.544097652836630363e-01 8.316590553422092968e-01
3.930000000000000000e+02 -2.471000000000003638e+00 1.148599999999999000e+01 4.739999999999997726e+01 1.761063957651694614e-02 1.794089717531324388e-02 5.251718686954311988e-01 8.506247691627605301e-01
3.940000000000000000e+02 -2.045999999999999375e+00 1.058699999999998909e+01 4.773099999999999454e+01 6.746818524925847493e-03 2.963629842993834029e-02 3.994529678526493877e-01 9.162496912571777008e-01
3.950000000000000000e+02 -2.943999999999995509e+00 1.238400000000000034e+01 4.787900000000001910e+01 2.671294726339506001e-02 6.626009419618802965e-02 5.162279536275640179e-01 8.534662959127987669e-01
3.960000000000000000e+02 -3.251999999999995339e+00 1.300900000000000034e+01 4.784999999999996589e+01 4.425279230339487085e-02 8.769829507751653042e-02 5.630046723199175762e-01 8.205951732491434392e-01
3.970000000000000000e+02 -2.890999999999998238e+00 1.351299999999999102e+01 4.745400000000000773e+01 6.599218742039597574e-02 9.201785839250076204e-02 6.307394683170950422e-01 7.676883925417898880e-01
3.980000000000000000e+02 -1.611000000000004206e+00 1.335599999999999454e+01 4.647499999999996589e+01 4.902318394004075153e-02 1.064172800544532782e-01 5.617195359173360325e-01 8.189891653196674781e-01
3.990000000000000000e+02 -8.230000000000003979e-01 1.362899999999999068e+01 4.559199999999998454e+01 3.553536219567323545e-02 1.093048680416442708e-01 5.149885030449257162e-01 8.494566060650583506e-01
4.000000000000000000e+02 -7.560000000000002274e-01 1.359899999999998954e+01 4.541699999999997317e+01 7.700292305503607729e-03 1.064798711320776303e-01 4.072716174538569822e-01 9.070460694797288781e-01
4.010000000000000000e+02 -4.509999999999998010e+00 1.281699999999999307e+01 4.521399999999999864e+01 6.407003749520041869e-02 9.690424915781149784e-02 5.895560298569831881e-01 7.993298971324644953e-01
4.020000000000000000e+02 -4.695000000000000284e+00 1.316499999999999204e+01 4.452400000000000091e+01 6.559848548109449562e-02 8.619646186915966291e-02 6.076045355316986862e-01 7.868187447342201990e-01
4.030000000000000000e+02 -1.952999999999995850e+00 1.239199999999999591e+01 4.450499999999999545e+01 -1.615212303796791310e-03 9.719205458350922699e-02 3.564653558769724229e-01 9.292381533678829575e-01
4.040000000000000000e+02 -2.487999999999999545e+00 1.166099999999998715e+01 4.448099999999999454e+01 5.272119868781010264e-03 9.781573103620366805e-02 3.899016977663179451e-01 9.156314507447225193e-01
4.050000000000000000e+02 -5.228999999999992099e+00 1.172799999999999443e+01 4.417099999999999227e+01 6.150441897485303677e-02 8.831790764804825500e-02 6.012064078727314964e-01 7.918131147991951391e-01
4.060000000000000000e+02 -3.713000000000000966e+00 1.232399999999999807e+01 4.366800000000000637e+01 5.956481216823644731e-02 6.819951890476970424e-02 6.371875139695764023e-01 7.653711065971797733e-01
4.070000000000000000e+02 -3.198000000000000398e+00 1.181599999999998829e+01 4.299700000000001410e+01 3.846395879488014036e-02 7.123288699370332322e-02 5.145694516445050715e-01 8.536185794127501003e-01
4.080000000000000000e+02 -3.604999999999996874e+00 1.109299999999998931e+01 4.094299999999998363e+01 2.784716752585043170e-02 6.606689071468255237e-02 4.324020087546853186e-01 8.988260143303565819e-01
4.090000000000000000e+02 -4.134999999999998010e+00 8.763999999999995794e+00 3.800799999999998136e+01 2.937344863011931428e-02 6.275321808959409553e-02 3.798930166051447399e-01 9.224318565995087704e-01
4.100000000000000000e+02 -4.607999999999996987e+00 8.351999999999989654e+00 3.589099999999996271e+01 5.679703738455313400e-02 5.098770594432590342e-02 4.861103211707696325e-01 8.705579280197980330e-01
4.110000000000000000e+02 -3.159999999999996589e+00 7.118999999999999773e+00 3.370799999999996999e+01 6.483707074501190992e-02 4.624674250749372106e-02 5.011147582482745610e-01 8.617084147961102669e-01
4.120000000000000000e+02 -1.989999999999994884e+00 6.900999999999996248e+00 3.236399999999997590e+01 7.441702807570824141e-02 2.294876103727771025e-02 5.947647334091866744e-01 8.001189737732334883e-01
4.130000000000000000e+02 -2.916000000000003922e+00 5.524999999999998579e+00 3.168500000000000227e+01 6.001579663460513553e-02 6.034474361605952908e-02 3.779858806211878752e-01 9.218911487389662707e-01
4.140000000000000000e+02 -2.765000000000000568e+00 5.213999999999991530e+00 2.984899999999998954e+01 6.803622296547499892e-02 4.796169876293390061e-02 4.268097544608440708e-01 9.005021828476817980e-01
4.150000000000000000e+02 -3.881999999999997897e+00 4.991999999999997328e+00 2.860800000000000409e+01 6.621544288023664682e-02 5.106926704166562386e-02 3.780002729634043268e-01 9.220212788908903612e-01
4.160000000000000000e+02 -4.051999999999992497e+00 5.322999999999993292e+00 2.741999999999995907e+01 7.468054065596523017e-02 3.203675905664329915e-02 4.623153512733171322e-01 8.829841328662190181e-01
4.170000000000000000e+02 -3.314999999999997726e+00 4.833999999999996078e+00 2.711199999999996635e+01 5.757166441033259585e-02 5.025224370555624043e-02 3.253486018775113009e-01 9.425011950740063149e-01
4.180000000000000000e+02 -3.643999999999991246e+00 4.756999999999997897e+00 2.766599999999999682e+01 6.418606390519072946e-02 4.649079953051436093e-02 3.816450942453610273e-01 9.209048684841566468e-01
4.190000000000000000e+02 -3.537999999999996703e+00 4.712999999999986755e+00 2.720400000000000773e+01 6.422637710940018452e-02 4.454713285052859517e-02 3.864685214391245238e-01 9.189845523048009168e-01
4.200000000000000000e+02 -3.536000000000001364e+00 3.435999999999992838e+00 2.557999999999998408e+01 7.399788141765588356e-02 4.547936084471989465e-02 3.996447548678023765e-01 9.125458953880120072e-01
4.210000000000000000e+02 -2.261000000000002785e+00 4.142999999999986471e+00 2.418400000000002592e+01 8.116362422078687855e-02 2.167406730109264906e-02 4.883211438752473321e-01 8.686110529773062305e-01
4.220000000000000000e+02 -1.506000000000000227e+00 2.833999999999996078e+00 2.178899999999998727e+01 7.828766721462196432e-02 3.701102298969097953e-02 3.588587194576711159e-01 9.293662597752027077e-01
4.230000000000000000e+02 -2.152999999999998693e+00 1.356999999999992212e+00 2.063599999999996726e+01 7.560930871010787535e-02 4.996449975186192938e-02 2.905022541836062011e-01 9.525729481331963733e-01
4.240000000000000000e+02 -2.668999999999996930e+00 2.516999999999995907e+00 2.018700000000001182e+01 8.662018687582445642e-02 2.849870332311597171e-02 3.697576264772086674e-01 9.246426687085337326e-01
4.250000000000000000e+02 -2.137999999999998124e+00 3.995999999999995111e+00 1.952999999999997272e+01 8.744877722068290782e-02 -5.153137802701261705e-03 5.196720775199056286e-01 8.498629821209645607e-01
4.260000000000000000e+02 -1.429999999999999716e+00 4.823999999999990962e+00 1.881499999999999773e+01 8.370849476740538364e-02 3.215815407348521140e-03 4.928474657521104141e-01 8.660738547818906952e-01
4.270000000000000000e+02 -1.798000000000001819e+00 5.326999999999998181e+00 1.739099999999996271e+01 7.945061190173971499e-02 2.320012723515497977e-02 4.185279615346590987e-01 9.044245130348661510e-01
4.280000000000000000e+02 -4.586999999999996191e+00 3.674999999999997158e+00 1.740300000000002001e+01 7.035068592663724918e-02 5.974727673241242432e-02 3.033450223251486499e-01 9.484001483252031406e-01
4.290000000000000000e+02 -5.516999999999995907e+00 5.142999999999986471e+00 1.579300000000000637e+01 7.875048031606926568e-02 3.840132670077593680e-02 4.074492905791436415e-01 9.090152779597058252e-01
4.300000000000000000e+02 -5.603999999999992099e+00 5.841999999999998749e+00 1.340699999999998226e+01 7.526290640212536520e-02 2.673520243107414471e-02 4.899702549723641831e-01 8.680725045255095473e-01
4.310000000000000000e+02 -3.820999999999997954e+00 6.515000000000000568e+00 1.222800000000000864e+01 5.539550494482765181e-02 3.995641036472181995e-02 3.594437126921010139e-01 9.306637635090300176e-01
4.320000000000000000e+02 -4.506999999999997897e+00 7.250000000000000000e+00 9.939999999999997726e+00 4.486761243334726201e-02 4.734821876701821725e-02 3.012738269296633131e-01 9.513039076663549753e-01
4.330000000000000000e+02 -6.546999999999997044e+00 6.977999999999994429e+00 8.617999999999994998e+00 3.937809669497271264e-02 5.183449308004667300e-02 3.033609438024090221e-01 9.506496140025133545e-01
4.340000000000000000e+02 -7.063000000000002387e+00 1.104899999999999238e+01 6.585999999999955890e+00 5.640340025026104737e-02 1.598591811050082681e-03 6.576384480979896585e-01 7.512175267708404158e-01
4.350000000000000000e+02 -6.832999999999998408e+00 1.171399999999999864e+01 4.988999999999975898e+00 4.784657464778668823e-02 -8.099642657523335038e-03 7.671955647256359923e-01 6.395749108185894150e-01
4.360000000000000000e+02 -8.716000000000001080e+00 1.075000000000000000e+01 3.108999999999980446e+00 5.526973961742456809e-02 -1.321830257866470765e-03 7.615798958769474103e-01 6.457085804319542266e-01
4.370000000000000000e+02 -8.716000000000001080e+00 1.075000000000000000e+01 3.108999999999980446e+00 5.526973961742456809e-02 -1.321830257866470765e-03 7.615798958769474103e-01 6.457085804319542266e-01
4.380000000000000000e+02 -4.949999999999995737e+00 9.626999999999995339e+00 1.195999999999969532e+00 2.122184483912699371e-02 4.424056867626403877e-02 2.385086858505823526e-01 9.699000011128224852e-01
4.390000000000000000e+02 -8.571999999999995623e+00 1.118799999999998818e+01 -1.050000000000181899e-01 5.442261584132446900e-02 2.769191069926459775e-02 5.264555347705900390e-01 8.480070205347497447e-01
4.400000000000000000e+02 -2.471999999999994202e+00 7.927999999999983061e+00 -2.299000000000035016e+00 4.462939282803200965e-03 3.420513970051307362e-02 2.444841860541929757e-01 9.690395107323772628e-01
4.410000000000000000e+02 -2.471999999999994202e+00 7.927999999999983061e+00 -2.299000000000035016e+00 4.462939282803200965e-03 3.420513970051307362e-02 2.444841860541929757e-01 9.690395107323772628e-01
4.420000000000000000e+02 -2.471999999999994202e+00 7.927999999999983061e+00 -2.299000000000035016e+00 4.462939282803200965e-03 3.420513970051307362e-02 2.444841860541929757e-01 9.690395107323772628e-01
4.430000000000000000e+02 -8.233999999999994657e+00 1.063099999999998602e+01 -1.103400000000004866e+01 6.302499481761981992e-02 1.592639346929287675e-03 8.236407788546159514e-01 5.635966473781680586e-01
4.440000000000000000e+02 -8.233999999999994657e+00 1.063099999999998602e+01 -1.103400000000004866e+01 6.302499481761981992e-02 1.592639346929287675e-03 8.236407788546159514e-01 5.635966473781680586e-01
4.450000000000000000e+02 -8.233999999999994657e+00 1.063099999999998602e+01 -1.103400000000004866e+01 6.302499481761981992e-02 1.592639346929287675e-03 8.236407788546159514e-01 5.635966473781680586e-01
4.460000000000000000e+02 -8.233999999999994657e+00 1.063099999999998602e+01 -1.103400000000004866e+01 6.302499481761981992e-02 1.592639346929287675e-03 8.236407788546159514e-01 5.635966473781680586e-01
4.470000000000000000e+02 -8.233999999999994657e+00 1.063099999999998602e+01 -1.103400000000004866e+01 6.302499481761981992e-02 1.592639346929287675e-03 8.236407788546159514e-01 5.635966473781680586e-01
4.480000000000000000e+02 -4.173999999999992383e+00 8.970999999999989427e+00 -1.576200000000000045e+01 1.030644764784905028e-02 4.953443291862232034e-02 2.810714460918312119e-01 9.583522104550912246e-01
4.490000000000000000e+02 -4.173999999999992383e+00 8.970999999999989427e+00 -1.576200000000000045e+01 1.030644764784905028e-02 4.953443291862232034e-02 2.810714460918312119e-01 9.583522104550912246e-01
4.500000000000000000e+02 -4.173999999999992383e+00 8.970999999999989427e+00 -1.576200000000000045e+01 1.030644764784905028e-02 4.953443291862232034e-02 2.810714460918312119e-01 9.583522104550912246e-01
4.510000000000000000e+02 -1.911999999999999034e+00 1.003599999999998715e+01 -1.873400000000003729e+01 7.962847314166495230e-03 4.271554875031052106e-02 2.635799073751584620e-01 9.636584495482379831e-01
4.520000000000000000e+02 -1.911999999999999034e+00 1.003599999999998715e+01 -1.873400000000003729e+01 7.962847314166495230e-03 4.271554875031052106e-02 2.635799073751584620e-01 9.636584495482379831e-01
4.530000000000000000e+02 -5.724999999999994316e+00 1.292599999999998772e+01 -1.877900000000005321e+01 5.169149512782667683e-02 -1.403888833458198822e-02 8.802201016060348104e-01 4.715331077182609021e-01
4.540000000000000000e+02 -1.176500000000000057e+01 8.773999999999986699e+00 -1.864900000000000091e+01 3.093109270639069971e-02 8.133956746211831734e-02 3.194576279290067267e-01 9.435962940935261889e-01
4.550000000000000000e+02 -1.176500000000000057e+01 8.773999999999986699e+00 -1.864900000000000091e+01 3.093109270639069971e-02 8.133956746211831734e-02 3.194576279290067267e-01 9.435962940935261889e-01
4.560000000000000000e+02 -6.548000000000001819e+00 9.000000000000000000e+00 -1.847699999999997544e+01 1.001396805355626038e-03 6.788572128051598153e-02 1.687933418834698940e-01 9.833103954431033911e-01
4.570000000000000000e+02 -6.548000000000001819e+00 9.000000000000000000e+00 -1.847699999999997544e+01 1.001396805355626038e-03 6.788572128051598153e-02 1.687933418834698940e-01 9.833103954431033911e-01
4.580000000000000000e+02 -3.308999999999990393e+00 8.984999999999999432e+00 -1.859000000000003183e+01 9.511539929885888187e-03 5.301675348163462087e-02 2.885056854934168746e-01 9.559619364265521391e-01
4.590000000000000000e+02 -3.308999999999990393e+00 8.984999999999999432e+00 -1.859000000000003183e+01 9.511539929885888187e-03 5.301675348163462087e-02 2.885056854934168746e-01 9.559619364265521391e-01
4.600000000000000000e+02 -3.308999999999990393e+00 8.984999999999999432e+00 -1.859000000000003183e+01 9.511539929885888187e-03 5.301675348163462087e-02 2.885056854934168746e-01 9.559619364265521391e-01
4.610000000000000000e+02 -8.396999999999998465e+00 1.247799999999999443e+01 -2.017599999999998772e+01 4.427668919830988342e-02 -3.477238400118860123e-02 9.586920235581144478e-01 2.788190453870712515e-01
4.620000000000000000e+02 -8.396999999999998465e+00 1.247799999999999443e+01 -2.017599999999998772e+01 4.427668919830988342e-02 -3.477238400118860123e-02 9.586920235581144478e-01 2.788190453870712515e-01
4.630000000000000000e+02 -8.396999999999998465e+00 1.247799999999999443e+01 -2.017599999999998772e+01 4.427668919830988342e-02 -3.477238400118860123e-02 9.586920235581144478e-01 2.788190453870712515e-01
4.640000000000000000e+02 -8.396999999999998465e+00 1.247799999999999443e+01 -2.017599999999998772e+01 4.427668919830988342e-02 -3.477238400118860123e-02 9.586920235581144478e-01 2.788190453870712515e-01
4.650000000000000000e+02 -2.941999999999993065e+00 1.068599999999999284e+01 -1.984400000000005093e+01 6.218604487950368451e-04 5.566981249497839068e-02 2.083066319604855721e-01 9.764777684861212226e-01
4.660000000000000000e+02 -2.941999999999993065e+00 1.068599999999999284e+01 -1.984400000000005093e+01 6.218604487950368451e-04 5.566981249497839068e-02 2.083066319604855721e-01 9.764777684861212226e-01
4.670000000000000000e+02 -2.941999999999993065e+00 1.068599999999999284e+01 -1.984400000000005093e+01 6.218604487950368451e-04 5.566981249497839068e-02 2.083066319604855721e-01 9.764777684861212226e-01
4.680000000000000000e+02 -2.941999999999993065e+00 1.068599999999999284e+01 -1.984400000000005093e+01 6.218604487950368451e-04 5.566981249497839068e-02 2.083066319604855721e-01 9.764777684861212226e-01
4.690000000000000000e+02 -1.037899999999999068e+01 1.174599999999999511e+01 -1.993700000000001182e+01 7.657409697936719273e-02 -4.793878731507056866e-03 8.427566083699895572e-01 5.327989540597973805e-01
4.700000000000000000e+02 -1.037899999999999068e+01 1.174599999999999511e+01 -1.993700000000001182e+01 7.657409697936719273e-02 -4.793878731507056866e-03 8.427566083699895572e-01 5.327989540597973805e-01
4.710000000000000000e+02 -1.037899999999999068e+01 1.174599999999999511e+01 -1.993700000000001182e+01 7.657409697936719273e-02 -4.793878731507056866e-03 8.427566083699895572e-01 5.327989540597973805e-01
4.720000000000000000e+02 -1.527999999999998693e+00 1.178099999999999170e+01 -2.168099999999998317e+01 -1.653557988634621377e-03 5.119945490426103252e-02 1.776257284026282746e-01 9.827639503832650281e-01
4.730000000000000000e+02 -1.202899999999999636e+01 8.688999999999992951e+00 -2.180300000000005411e+01 1.342283814155028655e-02 9.247011644986972978e-02 2.756542566624914925e-01 9.567046753119912150e-01
4.740000000000000000e+02 -1.202899999999999636e+01 8.688999999999992951e+00 -2.180300000000005411e+01 1.342283814155028655e-02 9.247011644986972978e-02 2.756542566624914925e-01 9.567046753119912150e-01
4.750000000000000000e+02 -1.202899999999999636e+01 8.688999999999992951e+00 -2.180300000000005411e+01 1.342283814155028655e-02 9.247011644986972978e-02 2.756542566624914925e-01 9.567046753119912150e-01
4.760000000000000000e+02 -1.202899999999999636e+01 8.688999999999992951e+00 -2.180300000000005411e+01 1.342283814155028655e-02 9.247011644986972978e-02 2.756542566624914925e-01 9.567046753119912150e-01
4.770000000000000000e+02 -1.202899999999999636e+01 8.688999999999992951e+00 -2.180300000000005411e+01 1.342283814155028655e-02 9.247011644986972978e-02 2.756542566624914925e-01 9.567046753119912150e-01
4.780000000000000000e+02 -1.202899999999999636e+01 8.688999999999992951e+00 -2.180300000000005411e+01 1.342283814155028655e-02 9.247011644986972978e-02 2.756542566624914925e-01 9.567046753119912150e-01
4.790000000000000000e+02 -7.346999999999994202e+00 8.787999999999996703e+00 -2.201100000000002410e+01 -2.532047367728554907e-04 1.043664147032317135e-01 2.513857717229393551e-01 9.622436183964103718e-01
4.800000000000000000e+02 -7.346999999999994202e+00 8.787999999999996703e+00 -2.201100000000002410e+01 -2.532047367728554907e-04 1.043664147032317135e-01 2.513857717229393551e-01 9.622436183964103718e-01
4.810000000000000000e+02 -7.346999999999994202e+00 8.787999999999996703e+00 -2.201100000000002410e+01 -2.532047367728554907e-04 1.043664147032317135e-01 2.513857717229393551e-01 9.622436183964103718e-01
4.820000000000000000e+02 -7.346999999999994202e+00 8.787999999999996703e+00 -2.201100000000002410e+01 -2.532047367728554907e-04 1.043664147032317135e-01 2.513857717229393551e-01 9.622436183964103718e-01
4.830000000000000000e+02 -7.346999999999994202e+00 8.787999999999996703e+00 -2.201100000000002410e+01 -2.532047367728554907e-04 1.043664147032317135e-01 2.513857717229393551e-01 9.622436183964103718e-01
4.840000000000000000e+02 -3.115999999999999659e+00 1.067499999999999716e+01 -2.150499999999999545e+01 -9.704759058108573810e-03 8.725035206526161879e-02 1.912773882460711283e-01 9.776022475740702156e-01
4.850000000000000000e+02 -4.631000000000000227e+00 9.039999999999992042e+00 -2.114600000000001501e+01 6.872415075078229865e-03 9.394202499776832527e-02 2.893574254682024782e-01 9.525754280773612859e-01
4.860000000000000000e+02 -4.631000000000000227e+00 9.039999999999992042e+00 -2.114600000000001501e+01 6.872415075078229865e-03 9.394202499776832527e-02 2.893574254682024782e-01 9.525754280773612859e-01
4.870000000000000000e+02 -1.419999999999994600e+00 1.398799999999998533e+01 -2.122300000000007003e+01 4.427925373347305765e-02 6.599549570153356859e-02 4.521204259237483480e-01 8.884092878276564909e-01
4.880000000000000000e+02 -4.503000000000000114e+00 1.329299999999999216e+01 -2.167400000000003502e+01 8.754204507025729887e-02 2.780175332267516633e-02 7.296456011596050839e-01 6.776287697298136736e-01
4.890000000000000000e+02 9.910000000000067644e-01 1.409499999999999886e+01 -2.187000000000000455e+01 1.289578924608630016e-02 6.911970789072825749e-02 2.467104828666609462e-01 9.665351014032134147e-01
4.900000000000000000e+02 -7.932999999999999829e+00 1.073999999999999488e+01 -2.163600000000002410e+01 5.170565710195747233e-02 9.464977341251704090e-02 4.156644589837831250e-01 9.031007712068087612e-01
4.910000000000000000e+02 -7.168999999999996930e+00 1.040399999999999636e+01 -2.112199999999995725e+01 2.674228919133950569e-02 9.915618733022703302e-02 3.032531966414803160e-01 9.473596989579319283e-01
4.920000000000000000e+02 -7.168999999999996930e+00 1.040399999999999636e+01 -2.112199999999995725e+01 2.674228919133950569e-02 9.915618733022703302e-02 3.032531966414803160e-01 9.473596989579319283e-01
4.930000000000000000e+02 -1.082999999999999829e+01 1.064099999999999113e+01 -2.017000000000001592e+01 1.019998781207896998e-01 5.424907895273533426e-02 6.544584877557857450e-01 7.472196130325635677e-01
